#i 	E(i) 	 	log[g(E)] 	  H(E) 	 	<M> 	 	<M^2> 	 	<M^4>
#----------------------------------------------------------------------------------------------------
0 	 -512.00 	0.000000     326763 	 	1.000000 	1.000000 	 inf 
16 	 -504.00 	5.566633     310150 	 	0.992188 	0.984436 	 inf 
24 	 -500.00 	6.306498     296891 	 	0.984375 	0.968994 	 inf 
32 	 -496.00 	10.490703     303642 	 	0.983886 	0.968036 	 inf 
40 	 -492.00 	11.872361     292310 	 	0.975860 	0.952313 	 inf 
48 	 -488.00 	15.073528     284778 	 	0.974750 	0.950154 	 inf 
56 	 -484.00 	16.778628     297023 	 	0.967120 	0.935342 	 inf 
64 	 -480.00 	19.440314     282650 	 	0.964965 	0.931194 	 inf 
72 	 -476.00 	21.346827     289121 	 	0.957493 	0.916839 	 inf 
80 	 -472.00 	23.708031     281973 	 	0.954418 	0.910975 	 inf 
88 	 -468.00 	25.688127     283581 	 	0.947520 	0.897869 	 inf 
96 	 -464.00 	27.844558     285237 	 	0.942938 	0.889242 	 inf 
104 	 -460.00 	29.847243     277352 	 	0.936234 	0.876673 	 inf 
112 	 -456.00 	31.916167     276032 	 	0.930820 	0.866608 	 inf 
120 	 -452.00 	33.894109     269761 	 	0.924504 	0.854912 	 inf 
128 	 -448.00 	35.879503     273840 	 	0.918305 	0.843551 	 inf 
136 	 -444.00 	37.830540     271781 	 	0.911938 	0.831947 	 inf 
144 	 -440.00 	39.771714     271826 	 	0.905086 	0.819621 	 inf 
152 	 -436.00 	41.693631     267330 	 	0.897819 	0.806583 	 inf 
160 	 -432.00 	43.598273     272335 	 	0.891026 	0.794487 	 inf 
168 	 -428.00 	45.486095     271119 	 	0.883654 	0.781487 	 inf 
176 	 -424.00 	47.359296     271878 	 	0.876130 	0.768366 	 inf 
184 	 -420.00 	49.215826     278510 	 	0.867700 	0.753920 	 inf 
192 	 -416.00 	51.059148     278438 	 	0.860075 	0.740809 	 inf 
200 	 -412.00 	52.894770     280767 	 	0.850716 	0.725090 	 inf 
208 	 -408.00 	54.715113     286004 	 	0.841847 	0.710340 	 inf 
216 	 -404.00 	56.530304     287639 	 	0.833131 	0.695848 	 inf 
224 	 -400.00 	58.334899     289705 	 	0.822877 	0.679231 	 inf 
232 	 -396.00 	60.131804     289998 	 	0.812724 	0.663091 	 inf 
240 	 -392.00 	61.894507     298419 	 	0.802798 	0.647622 	 inf 
248 	 -388.00 	63.665854     302378 	 	0.792275 	0.631136 	 inf 
256 	 -384.00 	65.434860     305687 	 	0.781893 	0.615264 	 inf 
264 	 -380.00 	67.205723     303127 	 	0.770859 	0.598722 	 inf 
272 	 -376.00 	68.951794     303600 	 	0.758268 	0.580351 	 inf 
280 	 -372.00 	70.711786     295416 	 	0.744982 	0.561601 	 inf 
288 	 -368.00 	72.444475     298627 	 	0.730705 	0.541949 	 inf 
296 	 -364.00 	74.193860     291559 	 	0.716906 	0.523361 	 inf 
304 	 -360.00 	75.934755     288267 	 	0.702147 	0.503769 	 inf 
312 	 -356.00 	77.661293     287756 	 	0.686138 	0.483176 	 inf 
320 	 -352.00 	79.386199     286026 	 	0.670108 	0.462601 	 inf 
328 	 -348.00 	81.092574     285133 	 	0.653560 	0.442658 	 inf 
336 	 -344.00 	82.794280     288097 	 	0.635155 	0.421310 	 inf 
344 	 -340.00 	84.513647     280465 	 	0.615608 	0.399099 	 inf 
352 	 -336.00 	86.213500     277845 	 	0.595843 	0.376833 	 inf 
360 	 -332.00 	87.904491     276461 	 	0.574574 	0.354287 	 inf 
368 	 -328.00 	89.589895     277987 	 	0.555885 	0.335185 	 inf 
376 	 -324.00 	91.271844     281579 	 	0.532593 	0.311639 	 inf 
384 	 -320.00 	92.946978     284675 	 	0.512475 	0.292859 	 inf 
392 	 -316.00 	94.634801     278347 	 	0.490514 	0.272012 	 inf 
400 	 -312.00 	96.312100     279072 	 	0.467839 	0.251348 	 inf 
408 	 -308.00 	97.971840     281912 	 	0.447452 	0.233317 	 inf 
416 	 -304.00 	99.625870     287398 	 	0.429989 	0.217327 	 inf 
424 	 -300.00 	101.280360     283373 	 	0.408266 	0.199507 	 inf 
432 	 -296.00 	102.921245     283245 	 	0.392223 	0.186172 	 inf 
440 	 -292.00 	104.550042     283625 	 	0.375886 	0.172901 	 inf 
448 	 -288.00 	106.170609     279756 	 	0.361357 	0.161694 	 inf 
456 	 -284.00 	107.788986     275719 	 	0.346442 	0.150393 	 inf 
464 	 -280.00 	109.386741     277079 	 	0.331456 	0.139110 	 inf 
472 	 -276.00 	110.965574     276407 	 	0.316457 	0.128517 	 inf 
480 	 -272.00 	112.557573     272811 	 	0.302392 	0.118907 	 inf 
488 	 -268.00 	114.124272     273622 	 	0.289926 	0.110417 	 inf 
496 	 -264.00 	115.675096     279130 	 	0.277298 	0.102260 	 inf 
504 	 -260.00 	117.221532     274785 	 	0.266287 	0.094876 	 inf 
512 	 -256.00 	118.747267     277643 	 	0.255180 	0.088140 	 inf 
520 	 -252.00 	120.261260     279081 	 	0.243561 	0.081223 	 inf 
528 	 -248.00 	121.763485     279126 	 	0.233548 	0.075511 	 inf 
536 	 -244.00 	123.262175     278134 	 	0.225137 	0.070576 	 inf 
544 	 -240.00 	124.733401     277457 	 	0.215011 	0.065201 	 inf 
552 	 -236.00 	126.198633     272971 	 	0.207671 	0.061111 	 inf 
560 	 -232.00 	127.643228     273820 	 	0.200101 	0.057119 	 inf 
568 	 -228.00 	129.070590     272958 	 	0.193919 	0.053629 	 inf 
576 	 -224.00 	130.490004     267014 	 	0.187254 	0.050299 	 inf 
584 	 -220.00 	131.879430     271451 	 	0.180971 	0.047121 	 inf 
592 	 -216.00 	133.261415     268918 	 	0.174702 	0.044065 	 inf 
600 	 -212.00 	134.625468     266916 	 	0.168541 	0.041357 	 inf 
608 	 -208.00 	135.974808     268104 	 	0.163049 	0.038975 	 inf 
616 	 -204.00 	137.296872     266725 	 	0.158229 	0.036828 	 inf 
624 	 -200.00 	138.613245     265725 	 	0.152967 	0.034564 	 inf 
632 	 -196.00 	139.907716     262402 	 	0.148820 	0.032925 	 inf 
640 	 -192.00 	141.189865     262377 	 	0.143335 	0.030673 	 inf 
648 	 -188.00 	142.437574     262636 	 	0.138662 	0.028655 	 inf 
656 	 -184.00 	143.681026     261152 	 	0.135222 	0.027209 	 inf 
664 	 -180.00 	144.904531     259222 	 	0.131238 	0.025757 	 inf 
672 	 -176.00 	146.103215     258443 	 	0.127550 	0.024323 	 inf 
680 	 -172.00 	147.278941     256845 	 	0.124216 	0.023177 	 inf 
688 	 -168.00 	148.433456     257166 	 	0.120158 	0.021834 	 inf 
696 	 -164.00 	149.566272     256665 	 	0.116422 	0.020549 	 inf 
704 	 -160.00 	150.680848     255929 	 	0.113065 	0.019469 	 inf 
712 	 -156.00 	151.780169     256130 	 	0.109943 	0.018371 	 inf 
720 	 -152.00 	152.848563     255299 	 	0.106367 	0.017194 	 inf 
728 	 -148.00 	153.898572     254986 	 	0.103768 	0.016365 	 inf 
736 	 -144.00 	154.920392     253464 	 	0.101442 	0.015644 	 inf 
744 	 -140.00 	155.927646     257107 	 	0.098690 	0.014803 	 inf 
752 	 -136.00 	156.910432     255974 	 	0.096471 	0.014157 	 inf 
760 	 -132.00 	157.867737     256384 	 	0.093984 	0.013454 	 inf 
768 	 -128.00 	158.800944     257717 	 	0.091500 	0.012837 	 inf 
776 	 -124.00 	159.700397     260490 	 	0.089549 	0.012353 	 inf 
784 	 -120.00 	160.581026     261122 	 	0.087467 	0.011779 	 inf 
792 	 -116.00 	161.448550     257978 	 	0.085445 	0.011211 	 inf 
800 	 -112.00 	162.281288     259489 	 	0.083875 	0.010770 	 inf 
808 	 -108.00 	163.090276     255867 	 	0.082193 	0.010353 	 inf 
816 	 -104.00 	163.877623     257422 	 	0.080194 	0.009894 	 inf 
824 	 -100.00 	164.628870     260122 	 	0.078313 	0.009470 	 inf 
832 	 -96.00 	165.359216     259405 	 	0.075754 	0.008870 	 inf 
840 	 -92.00 	166.059674     260551 	 	0.074545 	0.008581 	 inf 
848 	 -88.00 	166.732910     262609 	 	0.073143 	0.008249 	 inf 
856 	 -84.00 	167.384990     261353 	 	0.071870 	0.007966 	 inf 
864 	 -80.00 	168.004518     261725 	 	0.070377 	0.007642 	 inf 
872 	 -76.00 	168.601428     262300 	 	0.069147 	0.007381 	 inf 
880 	 -72.00 	169.167291     263291 	 	0.067537 	0.007087 	 inf 
888 	 -68.00 	169.699773     264281 	 	0.066486 	0.006844 	 inf 
896 	 -64.00 	170.206595     263168 	 	0.065279 	0.006603 	 inf 
904 	 -60.00 	170.683276     263097 	 	0.063893 	0.006337 	 inf 
912 	 -56.00 	171.133893     263250 	 	0.062659 	0.006096 	 inf 
920 	 -52.00 	171.556601     261409 	 	0.061109 	0.005823 	 inf 
928 	 -48.00 	171.939880     263618 	 	0.059745 	0.005590 	 inf 
936 	 -44.00 	172.296451     265374 	 	0.058914 	0.005422 	 inf 
944 	 -40.00 	172.629087     264055 	 	0.057872 	0.005237 	 inf 
952 	 -36.00 	172.930548     263979 	 	0.057077 	0.005095 	 inf 
960 	 -32.00 	173.195546     264854 	 	0.056264 	0.004953 	 inf 
968 	 -28.00 	173.432652     263177 	 	0.055405 	0.004805 	 inf 
976 	 -24.00 	173.632851     264342 	 	0.054340 	0.004628 	 inf 
984 	 -20.00 	173.806276     262710 	 	0.053533 	0.004496 	 inf 
992 	 -16.00 	173.951081     262300 	 	0.052567 	0.004322 	 inf 
1000 	 -12.00 	174.064210     259346 	 	0.051605 	0.004172 	 inf 
1008 	  -8.00 	174.143565     259569 	 	0.050799 	0.004046 	 inf 
1016 	  -4.00 	174.188194     259316 	 	0.050071 	0.003931 	 inf 
1024 	   0.00 	174.205001     258728 	 	0.049434 	0.003821 	 inf 
1032 	   4.00 	174.184505     260857 	 	0.048690 	0.003702 	 inf 
1040 	   8.00 	174.135870     261532 	 	0.047963 	0.003596 	 inf 
1048 	  12.00 	174.056212     262200 	 	0.047287 	0.003494 	 inf 
1056 	  16.00 	173.947498     261430 	 	0.046507 	0.003385 	 inf 
1064 	  20.00 	173.807765     262045 	 	0.045910 	0.003292 	 inf 
1072 	  24.00 	173.633006     263233 	 	0.045052 	0.003181 	 inf 
1080 	  28.00 	173.429886     263073 	 	0.044749 	0.003131 	 inf 
1088 	  32.00 	173.194168     263250 	 	0.044265 	0.003060 	 inf 
1096 	  36.00 	172.925027     264181 	 	0.043556 	0.002968 	 inf 
1104 	  40.00 	172.623561     265430 	 	0.043157 	0.002913 	 inf 
1112 	  44.00 	172.295303     267153 	 	0.042516 	0.002832 	 inf 
1120 	  48.00 	171.937386     267907 	 	0.041927 	0.002757 	 inf 
1128 	  52.00 	171.551333     267103 	 	0.041314 	0.002687 	 inf 
1136 	  56.00 	171.131912     267741 	 	0.040794 	0.002613 	 inf 
1144 	  60.00 	170.682396     267710 	 	0.040250 	0.002536 	 inf 
1152 	  64.00 	170.204602     268657 	 	0.039959 	0.002500 	 inf 
1160 	  68.00 	169.694880     269628 	 	0.039602 	0.002460 	 inf 
1168 	  72.00 	169.161987     268331 	 	0.039135 	0.002402 	 inf 
1176 	  76.00 	168.595133     268613 	 	0.038933 	0.002373 	 inf 
1184 	  80.00 	168.003827     268634 	 	0.038513 	0.002318 	 inf 
1192 	  84.00 	167.381798     267480 	 	0.038023 	0.002259 	 inf 
1200 	  88.00 	166.736362     269901 	 	0.037595 	0.002213 	 inf 
1208 	  92.00 	166.056715     271004 	 	0.037191 	0.002169 	 inf 
1216 	  96.00 	165.347495     273317 	 	0.036695 	0.002118 	 inf 
1224 	 100.00 	164.621767     271786 	 	0.035936 	0.002038 	 inf 
1232 	 104.00 	163.871033     269038 	 	0.035735 	0.002015 	 inf 
1240 	 108.00 	163.088679     269628 	 	0.035486 	0.001984 	 inf 
1248 	 112.00 	162.278068     270352 	 	0.035008 	0.001924 	 inf 
1256 	 116.00 	161.445441     268892 	 	0.034678 	0.001889 	 inf 
1264 	 120.00 	160.586806     268282 	 	0.034024 	0.001827 	 inf 
1272 	 124.00 	159.701076     269015 	 	0.033721 	0.001792 	 inf 
1280 	 128.00 	158.790001     269214 	 	0.033459 	0.001764 	 inf 
1288 	 132.00 	157.865803     268747 	 	0.033256 	0.001741 	 inf 
1296 	 136.00 	156.908276     266810 	 	0.032627 	0.001683 	 inf 
1304 	 140.00 	155.929137     266173 	 	0.032539 	0.001668 	 inf 
1312 	 144.00 	154.917966     268112 	 	0.032339 	0.001642 	 inf 
1320 	 148.00 	153.889398     266320 	 	0.032031 	0.001616 	 inf 
1328 	 152.00 	152.837697     267458 	 	0.031735 	0.001593 	 inf 
1336 	 156.00 	151.761799     271219 	 	0.031308 	0.001546 	 inf 
1344 	 160.00 	150.669527     271018 	 	0.030926 	0.001509 	 inf 
1352 	 164.00 	149.551080     272898 	 	0.030626 	0.001480 	 inf 
1360 	 168.00 	148.412898     271713 	 	0.030509 	0.001463 	 inf 
1368 	 172.00 	147.260309     271840 	 	0.030190 	0.001438 	 inf 
1376 	 176.00 	146.072606     275407 	 	0.029968 	0.001416 	 inf 
1384 	 180.00 	144.879955     276137 	 	0.029637 	0.001378 	 inf 
1392 	 184.00 	143.654806     278396 	 	0.029235 	0.001347 	 inf 
1400 	 188.00 	142.416062     276534 	 	0.029146 	0.001339 	 inf 
1408 	 192.00 	141.168382     269688 	 	0.028883 	0.001318 	 inf 
1416 	 196.00 	139.885872     269730 	 	0.028490 	0.001283 	 inf 
1424 	 200.00 	138.593059     269005 	 	0.028215 	0.001259 	 inf 
1432 	 204.00 	137.278700     267347 	 	0.027873 	0.001227 	 inf 
1440 	 208.00 	135.952465     270730 	 	0.027794 	0.001221 	 inf 
1448 	 212.00 	134.610128     271528 	 	0.027561 	0.001200 	 inf 
1456 	 216.00 	133.247859     269524 	 	0.027222 	0.001174 	 inf 
1464 	 220.00 	131.868292     265268 	 	0.026967 	0.001154 	 inf 
1472 	 224.00 	130.477694     264066 	 	0.026832 	0.001140 	 inf 
1480 	 228.00 	129.070777     262673 	 	0.026706 	0.001130 	 inf 
1488 	 232.00 	127.643126     262672 	 	0.026656 	0.001122 	 inf 
1496 	 236.00 	126.191468     262318 	 	0.026557 	0.001113 	 inf 
1504 	 240.00 	124.727723     260375 	 	0.026180 	0.001082 	 inf 
1512 	 244.00 	123.253893     261875 	 	0.026043 	0.001073 	 inf 
1520 	 248.00 	121.762342     263327 	 	0.025553 	0.001034 	 inf 
1528 	 252.00 	120.262225     263642 	 	0.025340 	0.001012 	 inf 
1536 	 256.00 	118.741539     263531 	 	0.025097 	0.000996 	 inf 
1544 	 260.00 	117.208266     266809 	 	0.024734 	0.000970 	 inf 
1552 	 264.00 	115.681251     262348 	 	0.024591 	0.000960 	 inf 
1560 	 268.00 	114.123772     265013 	 	0.024425 	0.000942 	 inf 
1568 	 272.00 	112.562036     264544 	 	0.024119 	0.000917 	 inf 
1576 	 276.00 	110.987431     259549 	 	0.023889 	0.000902 	 inf 
1584 	 280.00 	109.393197     259014 	 	0.023889 	0.000897 	 inf 
1592 	 284.00 	107.782202     264120 	 	0.023891 	0.000897 	 inf 
1600 	 288.00 	106.167950     265715 	 	0.023680 	0.000880 	 inf 
1608 	 292.00 	104.539270     263782 	 	0.023455 	0.000869 	 inf 
1616 	 296.00 	102.911986     265736 	 	0.023222 	0.000851 	 inf 
1624 	 300.00 	101.264223     271448 	 	0.022804 	0.000823 	 inf 
1632 	 304.00 	99.614598     275244 	 	0.022515 	0.000802 	 inf 
1640 	 308.00 	97.943549     277325 	 	0.022476 	0.000802 	 inf 
1648 	 312.00 	96.277732     276061 	 	0.022296 	0.000786 	 inf 
1656 	 316.00 	94.609957     275381 	 	0.022150 	0.000775 	 inf 
1664 	 320.00 	92.920510     279934 	 	0.021980 	0.000767 	 inf 
1672 	 324.00 	91.236672     280932 	 	0.021508 	0.000732 	 inf 
1680 	 328.00 	89.539145     283825 	 	0.021508 	0.000736 	 inf 
1688 	 332.00 	87.855341     287356 	 	0.021582 	0.000737 	 inf 
1696 	 336.00 	86.149969     291509 	 	0.021322 	0.000718 	 inf 
1704 	 340.00 	84.459734     286175 	 	0.021047 	0.000701 	 inf 
1712 	 344.00 	82.737976     289550 	 	0.020962 	0.000699 	 inf 
1720 	 348.00 	81.038499     291448 	 	0.020447 	0.000665 	 inf 
1728 	 352.00 	79.314596     292314 	 	0.020342 	0.000656 	 inf 
1736 	 356.00 	77.601468     287049 	 	0.020046 	0.000642 	 inf 
1744 	 360.00 	75.875496     288523 	 	0.019992 	0.000639 	 inf 
1752 	 364.00 	74.151265     284936 	 	0.019668 	0.000615 	 inf 
1760 	 368.00 	72.406785     286189 	 	0.019650 	0.000613 	 inf 
1768 	 372.00 	70.672758     282789 	 	0.019385 	0.000597 	 inf 
1776 	 376.00 	68.916545     281331 	 	0.019247 	0.000587 	 inf 
1784 	 380.00 	67.158302     289683 	 	0.018912 	0.000569 	 inf 
1792 	 384.00 	65.399590     287810 	 	0.018701 	0.000558 	 inf 
1800 	 388.00 	63.627939     296759 	 	0.018556 	0.000548 	 inf 
1808 	 392.00 	61.855456     291195 	 	0.018239 	0.000531 	 inf 
1816 	 396.00 	60.064660     295686 	 	0.018046 	0.000520 	 inf 
1824 	 400.00 	58.269705     295706 	 	0.017817 	0.000507 	 inf 
1832 	 404.00 	56.456431     304147 	 	0.017519 	0.000491 	 inf 
1840 	 408.00 	54.638490     300550 	 	0.017281 	0.000476 	 inf 
1848 	 412.00 	52.802074     307009 	 	0.016949 	0.000455 	 inf 
1856 	 416.00 	50.963035     305763 	 	0.016773 	0.000452 	 inf 
1864 	 420.00 	49.119533     305389 	 	0.016430 	0.000434 	 inf 
1872 	 424.00 	47.245980     307160 	 	0.016270 	0.000419 	 inf 
1880 	 428.00 	45.383229     301639 	 	0.015812 	0.000399 	 inf 
1888 	 432.00 	43.483312     307021 	 	0.015422 	0.000380 	 inf 
1896 	 436.00 	41.578612     305094 	 	0.015095 	0.000361 	 inf 
1904 	 440.00 	39.651888     305696 	 	0.014850 	0.000355 	 inf 
1912 	 444.00 	37.710424     309819 	 	0.014366 	0.000328 	 inf 
1920 	 448.00 	35.760916     303804 	 	0.014351 	0.000328 	 inf 
1928 	 452.00 	33.767509     313245 	 	0.013818 	0.000304 	 inf 
1936 	 456.00 	31.780296     311024 	 	0.013602 	0.000301 	 inf 
1944 	 460.00 	29.725366     312750 	 	0.012944 	0.000265 	 inf 
1952 	 464.00 	27.719570     312093 	 	0.012876 	0.000267 	 inf 
1960 	 468.00 	25.573927     312498 	 	0.011463 	0.000220 	 inf 
1968 	 472.00 	23.590314     307785 	 	0.012229 	0.000243 	 inf 
1976 	 476.00 	21.259291     306654 	 	0.010946 	0.000173 	 inf 
1984 	 480.00 	19.353649     302432 	 	0.011167 	0.000209 	 inf 
1992 	 484.00 	16.707207     300366 	 	0.007934 	0.000119 	 inf 
2000 	 488.00 	14.966049     307080 	 	0.010963 	0.000173 	 inf 
2008 	 492.00 	11.798442     293052 	 	0.007627 	0.000060 	 inf 
2016 	 496.00 	10.398786     297780 	 	0.007880 	0.000120 	 inf 
2024 	 500.00 	6.236979     305715 	 	0.000000 	0.000000 	-nan 
2032 	 504.00 	5.500507     313036 	 	0.007812 	0.000061 	 inf 
2048 	 512.00 	-0.062947     331904 	 	0.000000 	0.000000 	-nan 
