#i 	E(i) 	 	log[g(E)] 	  H(E) 	 	<M> 	 	<M^2> 	 	<M^4>
#----------------------------------------------------------------------------------------------------
0 	 -2048.00 	0.262154       0 	 	0.000000 	0.000000 	0.000000 
8 	 -2044.00 	2.923881       0 	 	0.000000 	0.000000 	0.000000 
16 	 -2040.00 	5.593035       0 	 	0.000000 	0.000000 	0.000000 
24 	 -2036.00 	8.268727       0 	 	0.000000 	0.000000 	0.000000 
32 	 -2032.00 	10.950068       0 	 	0.000000 	0.000000 	0.000000 
40 	 -2028.00 	13.636169       0 	 	0.000000 	0.000000 	0.000000 
48 	 -2024.00 	16.326110       0 	 	0.000000 	0.000000 	0.000000 
56 	 -2020.00 	19.018804       0 	 	0.000000 	0.000000 	0.000000 
64 	 -2016.00 	21.713096       0 	 	0.000000 	0.000000 	0.000000 
72 	 -2012.00 	24.407807       0 	 	0.000000 	0.000000 	0.000000 
80 	 -2008.00 	27.101710       0 	 	0.000000 	0.000000 	0.000000 
88 	 -2004.00 	29.793573       0 	 	0.000000 	0.000000 	0.000000 
96 	 -2000.00 	32.482143       0 	 	0.000000 	0.000000 	0.000000 
104 	 -1996.00 	35.166151       0 	 	0.000000 	0.000000 	0.000000 
112 	 -1992.00 	37.844328       0 	 	0.000000 	0.000000 	0.000000 
120 	 -1988.00 	40.515391       0 	 	0.000000 	0.000000 	0.000000 
128 	 -1984.00 	43.178053       0 	 	0.000000 	0.000000 	0.000000 
136 	 -1980.00 	45.831005       0 	 	0.000000 	0.000000 	0.000000 
144 	 -1976.00 	48.472915       0 	 	0.000000 	0.000000 	0.000000 
152 	 -1972.00 	51.102436       0 	 	0.000000 	0.000000 	0.000000 
160 	 -1968.00 	53.718159       0 	 	0.000000 	0.000000 	0.000000 
168 	 -1964.00 	56.318660       0 	 	0.000000 	0.000000 	0.000000 
176 	 -1960.00 	58.902483       0 	 	0.000000 	0.000000 	0.000000 
184 	 -1956.00 	61.468140       0 	 	0.000000 	0.000000 	0.000000 
192 	 -1952.00 	64.014167       0 	 	0.000000 	0.000000 	0.000000 
200 	 -1948.00 	66.539243       0 	 	0.000000 	0.000000 	0.000000 
208 	 -1944.00 	69.042097       0 	 	0.000000 	0.000000 	0.000000 
216 	 -1940.00 	71.521703       0 	 	0.000000 	0.000000 	0.000000 
224 	 -1936.00 	73.977400       0 	 	0.000000 	0.000000 	0.000000 
232 	 -1932.00 	76.408615       0 	 	0.000000 	0.000000 	0.000000 
240 	 -1928.00 	78.815204       0 	 	0.000000 	0.000000 	0.000000 
248 	 -1924.00 	81.197232       0 	 	0.000000 	0.000000 	0.000000 
256 	 -1920.00 	83.554885       0 	 	0.000000 	0.000000 	0.000000 
264 	 -1916.00 	85.888606       0 	 	0.000000 	0.000000 	0.000000 
272 	 -1912.00 	88.198882       0 	 	0.000000 	0.000000 	0.000000 
280 	 -1908.00 	90.486311       0 	 	0.000000 	0.000000 	0.000000 
288 	 -1904.00 	92.751567       0 	 	0.000000 	0.000000 	0.000000 
296 	 -1900.00 	94.995346       0 	 	0.000000 	0.000000 	0.000000 
304 	 -1896.00 	97.218418       0 	 	0.000000 	0.000000 	0.000000 
312 	 -1892.00 	99.421568       0 	 	0.000000 	0.000000 	0.000000 
320 	 -1888.00 	101.605617       0 	 	0.000000 	0.000000 	0.000000 
328 	 -1884.00 	103.771423       0 	 	0.000000 	0.000000 	0.000000 
336 	 -1880.00 	105.919852       0 	 	0.000000 	0.000000 	0.000000 
344 	 -1876.00 	108.051813       0 	 	0.000000 	0.000000 	0.000000 
352 	 -1872.00 	110.168224       0 	 	0.000000 	0.000000 	0.000000 
360 	 -1868.00 	112.270018       0 	 	0.000000 	0.000000 	0.000000 
368 	 -1864.00 	114.358142       0 	 	0.000000 	0.000000 	0.000000 
376 	 -1860.00 	116.433548       0 	 	0.000000 	0.000000 	0.000000 
384 	 -1856.00 	118.497180       0 	 	0.000000 	0.000000 	0.000000 
392 	 -1852.00 	120.549980       0 	 	0.000000 	0.000000 	0.000000 
400 	 -1848.00 	122.592899       0 	 	0.000000 	0.000000 	0.000000 
408 	 -1844.00 	124.626896       0 	 	0.000000 	0.000000 	0.000000 
416 	 -1840.00 	126.652933       0 	 	0.000000 	0.000000 	0.000000 
424 	 -1836.00 	128.671992       0 	 	0.000000 	0.000000 	0.000000 
432 	 -1832.00 	130.685065       0 	 	0.000000 	0.000000 	0.000000 
440 	 -1828.00 	132.693112       0 	 	0.000000 	0.000000 	0.000000 
448 	 -1824.00 	134.697004       0 	 	0.000000 	0.000000 	0.000000 
456 	 -1820.00 	136.697583       0 	 	0.000000 	0.000000 	0.000000 
464 	 -1816.00 	138.695553       0 	 	0.000000 	0.000000 	0.000000 
472 	 -1812.00 	140.691483       0 	 	0.000000 	0.000000 	0.000000 
480 	 -1808.00 	142.685902       0 	 	0.000000 	0.000000 	0.000000 
488 	 -1804.00 	144.679164       0 	 	0.000000 	0.000000 	0.000000 
496 	 -1800.00 	146.671579       0 	 	0.000000 	0.000000 	0.000000 
504 	 -1796.00 	148.663377       0 	 	0.000000 	0.000000 	0.000000 
512 	 -1792.00 	150.654695       0 	 	0.000000 	0.000000 	0.000000 
520 	 -1788.00 	152.645647       0 	 	0.000000 	0.000000 	0.000000 
528 	 -1784.00 	154.636268       0 	 	0.000000 	0.000000 	0.000000 
536 	 -1780.00 	156.626554       0 	 	0.000000 	0.000000 	0.000000 
544 	 -1776.00 	158.616466       0 	 	0.000000 	0.000000 	0.000000 
552 	 -1772.00 	160.605894       0 	 	0.000000 	0.000000 	0.000000 
560 	 -1768.00 	162.594713       0 	 	0.000000 	0.000000 	0.000000 
568 	 -1764.00 	164.582716       0 	 	0.000000 	0.000000 	0.000000 
576 	 -1760.00 	166.569654       0 	 	0.000000 	0.000000 	0.000000 
584 	 -1756.00 	168.555230       0 	 	0.000000 	0.000000 	0.000000 
592 	 -1752.00 	170.539037       0 	 	0.000000 	0.000000 	0.000000 
600 	 -1748.00 	172.520646       0 	 	0.000000 	0.000000 	0.000000 
608 	 -1744.00 	174.499547       0 	 	0.000000 	0.000000 	0.000000 
616 	 -1740.00 	176.475169       0 	 	0.000000 	0.000000 	0.000000 
624 	 -1736.00 	178.446945       0 	 	0.000000 	0.000000 	0.000000 
632 	 -1732.00 	180.414330       0 	 	0.000000 	0.000000 	0.000000 
640 	 -1728.00 	182.376788       0 	 	0.000000 	0.000000 	0.000000 
648 	 -1724.00 	184.333857       0 	 	0.000000 	0.000000 	0.000000 
656 	 -1720.00 	186.285155       0 	 	0.000000 	0.000000 	0.000000 
664 	 -1716.00 	188.230320       0 	 	0.000000 	0.000000 	0.000000 
672 	 -1712.00 	190.169048       0 	 	0.000000 	0.000000 	0.000000 
680 	 -1708.00 	192.101058       0 	 	0.000000 	0.000000 	0.000000 
688 	 -1704.00 	194.026090       0 	 	0.000000 	0.000000 	0.000000 
696 	 -1700.00 	195.943915       0 	 	0.000000 	0.000000 	0.000000 
704 	 -1696.00 	197.854315       0 	 	0.000000 	0.000000 	0.000000 
712 	 -1692.00 	199.757125       0 	 	0.000000 	0.000000 	0.000000 
720 	 -1688.00 	201.652208       0 	 	0.000000 	0.000000 	0.000000 
728 	 -1684.00 	203.539461       0 	 	0.000000 	0.000000 	0.000000 
736 	 -1680.00 	205.418857       0 	 	0.000000 	0.000000 	0.000000 
744 	 -1676.00 	207.290387       0 	 	0.000000 	0.000000 	0.000000 
752 	 -1672.00 	209.154120       0 	 	0.000000 	0.000000 	0.000000 
760 	 -1668.00 	211.010186       0 	 	0.000000 	0.000000 	0.000000 
768 	 -1664.00 	212.858744       0 	 	0.000000 	0.000000 	0.000000 
776 	 -1660.00 	214.700066       0 	 	0.000000 	0.000000 	0.000000 
784 	 -1656.00 	216.534450       0 	 	0.000000 	0.000000 	0.000000 
792 	 -1652.00 	218.362274       0 	 	0.000000 	0.000000 	0.000000 
800 	 -1648.00 	220.183997       0 	 	0.000000 	0.000000 	0.000000 
808 	 -1644.00 	222.000104       0 	 	0.000000 	0.000000 	0.000000 
816 	 -1640.00 	223.811179       0 	 	0.000000 	0.000000 	0.000000 
824 	 -1636.00 	225.617841       0 	 	0.000000 	0.000000 	0.000000 
832 	 -1632.00 	227.420748       0 	 	0.000000 	0.000000 	0.000000 
840 	 -1628.00 	229.220623       0 	 	0.000000 	0.000000 	0.000000 
848 	 -1624.00 	231.018192       0 	 	0.000000 	0.000000 	0.000000 
856 	 -1620.00 	232.814169       0 	 	0.000000 	0.000000 	0.000000 
864 	 -1616.00 	234.609265       0 	 	0.000000 	0.000000 	0.000000 
872 	 -1612.00 	236.404137       0 	 	0.000000 	0.000000 	0.000000 
880 	 -1608.00 	238.199331       0 	 	0.000000 	0.000000 	0.000000 
888 	 -1604.00 	239.995370       0 	 	0.000000 	0.000000 	0.000000 
896 	 -1600.00 	241.792651       0 	 	0.000000 	0.000000 	0.000000 
904 	 -1596.00 	243.591483       0 	 	0.000000 	0.000000 	0.000000 
912 	 -1592.00 	245.392139       0 	 	0.000000 	0.000000 	0.000000 
920 	 -1588.00 	247.194770       0 	 	0.000000 	0.000000 	0.000000 
928 	 -1584.00 	248.999500       0 	 	0.000000 	0.000000 	0.000000 
936 	 -1580.00 	250.806384       0 	 	0.000000 	0.000000 	0.000000 
944 	 -1576.00 	252.615409       0 	 	0.000000 	0.000000 	0.000000 
952 	 -1572.00 	254.426541       0 	 	0.000000 	0.000000 	0.000000 
960 	 -1568.00 	256.239663       0 	 	0.000000 	0.000000 	0.000000 
968 	 -1564.00 	258.054628       0 	 	0.000000 	0.000000 	0.000000 
976 	 -1560.00 	259.871237       0 	 	0.000000 	0.000000 	0.000000 
984 	 -1556.00 	261.689214       0 	 	0.000000 	0.000000 	0.000000 
992 	 -1552.00 	263.508264       0 	 	0.000000 	0.000000 	0.000000 
1000 	 -1548.00 	265.327987       0 	 	0.000000 	0.000000 	0.000000 
1008 	 -1544.00 	267.147939       0 	 	0.000000 	0.000000 	0.000000 
1016 	 -1540.00 	268.967628       0 	 	0.000000 	0.000000 	0.000000 
1024 	 -1536.00 	270.786471       0 	 	0.000000 	0.000000 	0.000000 
1032 	 -1532.00 	272.603874       0 	 	0.000000 	0.000000 	0.000000 
1040 	 -1528.00 	274.419235       0 	 	0.000000 	0.000000 	0.000000 
1048 	 -1524.00 	276.231950       0 	 	0.000000 	0.000000 	0.000000 
1056 	 -1520.00 	278.041453       0 	 	0.000000 	0.000000 	0.000000 
1064 	 -1516.00 	279.847283       0 	 	0.000000 	0.000000 	0.000000 
1072 	 -1512.00 	281.649006       0 	 	0.000000 	0.000000 	0.000000 
1080 	 -1508.00 	283.446309       0 	 	0.000000 	0.000000 	0.000000 
1088 	 -1504.00 	285.238981       0 	 	0.000000 	0.000000 	0.000000 
1096 	 -1500.00 	287.026855       0 	 	0.000000 	0.000000 	0.000000 
1104 	 -1496.00 	288.809926       0 	 	0.000000 	0.000000 	0.000000 
1112 	 -1492.00 	290.588236       0 	 	0.000000 	0.000000 	0.000000 
1120 	 -1488.00 	292.361921       0 	 	0.000000 	0.000000 	0.000000 
1128 	 -1484.00 	294.131233       0 	 	0.000000 	0.000000 	0.000000 
1136 	 -1480.00 	295.896448       0 	 	0.000000 	0.000000 	0.000000 
1144 	 -1476.00 	297.657943       0 	 	0.000000 	0.000000 	0.000000 
1152 	 -1472.00 	299.416135       0 	 	0.000000 	0.000000 	0.000000 
1160 	 -1468.00 	301.171465       0 	 	0.000000 	0.000000 	0.000000 
1168 	 -1464.00 	302.924421       0 	 	0.000000 	0.000000 	0.000000 
1176 	 -1460.00 	304.675495       0 	 	0.000000 	0.000000 	0.000000 
1184 	 -1456.00 	306.425169       0 	 	0.000000 	0.000000 	0.000000 
1192 	 -1452.00 	308.173925       0 	 	0.000000 	0.000000 	0.000000 
1200 	 -1448.00 	309.922211       0 	 	0.000000 	0.000000 	0.000000 
1208 	 -1444.00 	311.670400       0 	 	0.000000 	0.000000 	0.000000 
1216 	 -1440.00 	313.418844       0 	 	0.000000 	0.000000 	0.000000 
1224 	 -1436.00 	315.167768       0 	 	0.000000 	0.000000 	0.000000 
1232 	 -1432.00 	316.917297       0 	 	0.000000 	0.000000 	0.000000 
1240 	 -1428.00 	318.667505       0 	 	0.000000 	0.000000 	0.000000 
1248 	 -1424.00 	320.418293       0 	 	0.000000 	0.000000 	0.000000 
1256 	 -1420.00 	322.169519       0 	 	0.000000 	0.000000 	0.000000 
1264 	 -1416.00 	323.920993       0 	 	0.000000 	0.000000 	0.000000 
1272 	 -1412.00 	325.672471       0 	 	0.000000 	0.000000 	0.000000 
1280 	 -1408.00 	327.423705       0 	 	0.000000 	0.000000 	0.000000 
1288 	 -1404.00 	329.174448       0 	 	0.000000 	0.000000 	0.000000 
1296 	 -1400.00 	330.924459       0 	 	0.000000 	0.000000 	0.000000 
1304 	 -1396.00 	332.673493       0 	 	0.000000 	0.000000 	0.000000 
1312 	 -1392.00 	334.421314       0 	 	0.000000 	0.000000 	0.000000 
1320 	 -1388.00 	336.167686       0 	 	0.000000 	0.000000 	0.000000 
1328 	 -1384.00 	337.912391       0 	 	0.000000 	0.000000 	0.000000 
1336 	 -1380.00 	339.655220       0 	 	0.000000 	0.000000 	0.000000 
1344 	 -1376.00 	341.395981       0 	 	0.000000 	0.000000 	0.000000 
1352 	 -1372.00 	343.134519       0 	 	0.000000 	0.000000 	0.000000 
1360 	 -1368.00 	344.870687       0 	 	0.000000 	0.000000 	0.000000 
1368 	 -1364.00 	346.604381       0 	 	0.000000 	0.000000 	0.000000 
1376 	 -1360.00 	348.335525       0 	 	0.000000 	0.000000 	0.000000 
1384 	 -1356.00 	350.064061       0 	 	0.000000 	0.000000 	0.000000 
1392 	 -1352.00 	351.789988       0 	 	0.000000 	0.000000 	0.000000 
1400 	 -1348.00 	353.513316       0 	 	0.000000 	0.000000 	0.000000 
1408 	 -1344.00 	355.234093       0 	 	0.000000 	0.000000 	0.000000 
1416 	 -1340.00 	356.952403       0 	 	0.000000 	0.000000 	0.000000 
1424 	 -1336.00 	358.668338       0 	 	0.000000 	0.000000 	0.000000 
1432 	 -1332.00 	360.382015       0 	 	0.000000 	0.000000 	0.000000 
1440 	 -1328.00 	362.093562       0 	 	0.000000 	0.000000 	0.000000 
1448 	 -1324.00 	363.803111       0 	 	0.000000 	0.000000 	0.000000 
1456 	 -1320.00 	365.510805       0 	 	0.000000 	0.000000 	0.000000 
1464 	 -1316.00 	367.216792       0 	 	0.000000 	0.000000 	0.000000 
1472 	 -1312.00 	368.921255       0 	 	0.000000 	0.000000 	0.000000 
1480 	 -1308.00 	370.624391       0 	 	0.000000 	0.000000 	0.000000 
1488 	 -1304.00 	372.326401       0 	 	0.000000 	0.000000 	0.000000 
1496 	 -1300.00 	374.027488       0 	 	0.000000 	0.000000 	0.000000 
1504 	 -1296.00 	375.727850       0 	 	0.000000 	0.000000 	0.000000 
1512 	 -1292.00 	377.427597       0 	 	0.000000 	0.000000 	0.000000 
1520 	 -1288.00 	379.126787       0 	 	0.000000 	0.000000 	0.000000 
1528 	 -1284.00 	380.825434       0 	 	0.000000 	0.000000 	0.000000 
1536 	 -1280.00 	382.523427       0 	 	0.000000 	0.000000 	0.000000 
1544 	 -1276.00 	384.220625       0 	 	0.000000 	0.000000 	0.000000 
1552 	 -1272.00 	385.916830       0 	 	0.000000 	0.000000 	0.000000 
1560 	 -1268.00 	387.611780       0 	 	0.000000 	0.000000 	0.000000 
1568 	 -1264.00 	389.305209       0 	 	0.000000 	0.000000 	0.000000 
1576 	 -1260.00 	390.996814       0 	 	0.000000 	0.000000 	0.000000 
1584 	 -1256.00 	392.686287       0 	 	0.000000 	0.000000 	0.000000 
1592 	 -1252.00 	394.373323       0 	 	0.000000 	0.000000 	0.000000 
1600 	 -1248.00 	396.057624       0 	 	0.000000 	0.000000 	0.000000 
1608 	 -1244.00 	397.738899       0 	 	0.000000 	0.000000 	0.000000 
1616 	 -1240.00 	399.416893       0 	 	0.000000 	0.000000 	0.000000 
1624 	 -1236.00 	401.091370       0 	 	0.000000 	0.000000 	0.000000 
1632 	 -1232.00 	402.762127       0 	 	0.000000 	0.000000 	0.000000 
1640 	 -1228.00 	404.429020       0 	 	0.000000 	0.000000 	0.000000 
1648 	 -1224.00 	406.091924       0 	 	0.000000 	0.000000 	0.000000 
1656 	 -1220.00 	407.750812       0 	 	0.000000 	0.000000 	0.000000 
1664 	 -1216.00 	409.405717       0 	 	0.000000 	0.000000 	0.000000 
1672 	 -1212.00 	411.056730       0 	 	0.000000 	0.000000 	0.000000 
1680 	 -1208.00 	412.704106       0 	 	0.000000 	0.000000 	0.000000 
1688 	 -1204.00 	414.348129       0 	 	0.000000 	0.000000 	0.000000 
1696 	 -1200.00 	415.989158       0 	 	0.000000 	0.000000 	0.000000 
1704 	 -1196.00 	417.627615       0 	 	0.000000 	0.000000 	0.000000 
1712 	 -1192.00 	419.263909       0 	 	0.000000 	0.000000 	0.000000 
1720 	 -1188.00 	420.898380       0 	 	0.000000 	0.000000 	0.000000 
1728 	 -1184.00 	422.531346       0 	 	0.000000 	0.000000 	0.000000 
1736 	 -1180.00 	424.163043       0 	 	0.000000 	0.000000 	0.000000 
1744 	 -1176.00 	425.793604       0 	 	0.000000 	0.000000 	0.000000 
1752 	 -1172.00 	427.423142       0 	 	0.000000 	0.000000 	0.000000 
1760 	 -1168.00 	429.051684       0 	 	0.000000 	0.000000 	0.000000 
1768 	 -1164.00 	430.679224       0 	 	0.000000 	0.000000 	0.000000 
1776 	 -1160.00 	432.305733       0 	 	0.000000 	0.000000 	0.000000 
1784 	 -1156.00 	433.931143       0 	 	0.000000 	0.000000 	0.000000 
1792 	 -1152.00 	435.555380       0 	 	0.000000 	0.000000 	0.000000 
1800 	 -1148.00 	437.178344       0 	 	0.000000 	0.000000 	0.000000 
1808 	 -1144.00 	438.799923       0 	 	0.000000 	0.000000 	0.000000 
1816 	 -1140.00 	440.419991       0 	 	0.000000 	0.000000 	0.000000 
1824 	 -1136.00 	442.038382       0 	 	0.000000 	0.000000 	0.000000 
1832 	 -1132.00 	443.654920       0 	 	0.000000 	0.000000 	0.000000 
1840 	 -1128.00 	445.269362       0 	 	0.000000 	0.000000 	0.000000 
1848 	 -1124.00 	446.881413       0 	 	0.000000 	0.000000 	0.000000 
1856 	 -1120.00 	448.490750       0 	 	0.000000 	0.000000 	0.000000 
1864 	 -1116.00 	450.096939       0 	 	0.000000 	0.000000 	0.000000 
1872 	 -1112.00 	451.699525       0 	 	0.000000 	0.000000 	0.000000 
1880 	 -1108.00 	453.298061       0 	 	0.000000 	0.000000 	0.000000 
1888 	 -1104.00 	454.892112       0 	 	0.000000 	0.000000 	0.000000 
1896 	 -1100.00 	456.481279       0 	 	0.000000 	0.000000 	0.000000 
1904 	 -1096.00 	458.065363       0 	 	0.000000 	0.000000 	0.000000 
1912 	 -1092.00 	459.644236       0 	 	0.000000 	0.000000 	0.000000 
1920 	 -1088.00 	461.217876       0 	 	0.000000 	0.000000 	0.000000 
1928 	 -1084.00 	462.786429       0 	 	0.000000 	0.000000 	0.000000 
1936 	 -1080.00 	464.350064       0 	 	0.000000 	0.000000 	0.000000 
1944 	 -1076.00 	465.909022       0 	 	0.000000 	0.000000 	0.000000 
1952 	 -1072.00 	467.463585       0 	 	0.000000 	0.000000 	0.000000 
1960 	 -1068.00 	469.014041       0 	 	0.000000 	0.000000 	0.000000 
1968 	 -1064.00 	470.560704       0 	 	0.000000 	0.000000 	0.000000 
1976 	 -1060.00 	472.103891       0 	 	0.000000 	0.000000 	0.000000 
1984 	 -1056.00 	473.643919       0 	 	0.000000 	0.000000 	0.000000 
1992 	 -1052.00 	475.181104       0 	 	0.000000 	0.000000 	0.000000 
2000 	 -1048.00 	476.715755       0 	 	0.000000 	0.000000 	0.000000 
2008 	 -1044.00 	478.248155       0 	 	0.000000 	0.000000 	0.000000 
2016 	 -1040.00 	479.778578       0 	 	0.000000 	0.000000 	0.000000 
2024 	 -1036.00 	481.307252       0 	 	0.000000 	0.000000 	0.000000 
2032 	 -1032.00 	482.834355       0 	 	0.000000 	0.000000 	0.000000 
2040 	 -1028.00 	484.360039       0 	 	0.000000 	0.000000 	0.000000 
2048 	 -1024.00 	485.884333       0 	 	0.000000 	0.000000 	0.000000 
2056 	 -1020.00 	487.407223       0 	 	0.000000 	0.000000 	0.000000 
2064 	 -1016.00 	488.928594       0 	 	0.000000 	0.000000 	0.000000 
2072 	 -1012.00 	490.448181       0 	 	0.000000 	0.000000 	0.000000 
2080 	 -1008.00 	491.965689       0 	 	0.000000 	0.000000 	0.000000 
2088 	 -1004.00 	493.480696       0 	 	0.000000 	0.000000 	0.000000 
2096 	 -1000.00 	494.992721       0 	 	0.000000 	0.000000 	0.000000 
2104 	 -996.00 	496.501296       0 	 	0.000000 	0.000000 	0.000000 
2112 	 -992.00 	498.005973       0 	 	0.000000 	0.000000 	0.000000 
2120 	 -988.00 	499.506321       0 	 	0.000000 	0.000000 	0.000000 
2128 	 -984.00 	501.002016       0 	 	0.000000 	0.000000 	0.000000 
2136 	 -980.00 	502.492804       0 	 	0.000000 	0.000000 	0.000000 
2144 	 -976.00 	503.978472       0 	 	0.000000 	0.000000 	0.000000 
2152 	 -972.00 	505.458912       0 	 	0.000000 	0.000000 	0.000000 
2160 	 -968.00 	506.934041       0 	 	0.000000 	0.000000 	0.000000 
2168 	 -964.00 	508.403836       0 	 	0.000000 	0.000000 	0.000000 
2176 	 -960.00 	509.868331       0 	 	0.000000 	0.000000 	0.000000 
2184 	 -956.00 	511.327578       0 	 	0.000000 	0.000000 	0.000000 
2192 	 -952.00 	512.781691       0 	 	0.000000 	0.000000 	0.000000 
2200 	 -948.00 	514.230803       0 	 	0.000000 	0.000000 	0.000000 
2208 	 -944.00 	515.675073       0 	 	0.000000 	0.000000 	0.000000 
2216 	 -940.00 	517.114691       0 	 	0.000000 	0.000000 	0.000000 
2224 	 -936.00 	518.549854       0 	 	0.000000 	0.000000 	0.000000 
2232 	 -932.00 	519.980764       0 	 	0.000000 	0.000000 	0.000000 
2240 	 -928.00 	521.407631       0 	 	0.000000 	0.000000 	0.000000 
2248 	 -924.00 	522.830651       0 	 	0.000000 	0.000000 	0.000000 
2256 	 -920.00 	524.249997       0 	 	0.000000 	0.000000 	0.000000 
2264 	 -916.00 	525.665833       0 	 	0.000000 	0.000000 	0.000000 
2272 	 -912.00 	527.078274       0 	 	0.000000 	0.000000 	0.000000 
2280 	 -908.00 	528.487402       0 	 	0.000000 	0.000000 	0.000000 
2288 	 -904.00 	529.893283       0 	 	0.000000 	0.000000 	0.000000 
2296 	 -900.00 	531.295942       0 	 	0.000000 	0.000000 	0.000000 
2304 	 -896.00 	532.695398       0 	 	0.000000 	0.000000 	0.000000 
2312 	 -892.00 	534.091681       0 	 	0.000000 	0.000000 	0.000000 
2320 	 -888.00 	535.484830       0 	 	0.000000 	0.000000 	0.000000 
2328 	 -884.00 	536.874879       0 	 	0.000000 	0.000000 	0.000000 
2336 	 -880.00 	538.261845       0 	 	0.000000 	0.000000 	0.000000 
2344 	 -876.00 	539.645734       0 	 	0.000000 	0.000000 	0.000000 
2352 	 -872.00 	541.026490       0 	 	0.000000 	0.000000 	0.000000 
2360 	 -868.00 	542.403977       0 	 	0.000000 	0.000000 	0.000000 
2368 	 -864.00 	543.778043       0 	 	0.000000 	0.000000 	0.000000 
2376 	 -860.00 	545.148447       0 	 	0.000000 	0.000000 	0.000000 
2384 	 -856.00 	546.514919       0 	 	0.000000 	0.000000 	0.000000 
2392 	 -852.00 	547.877174       0 	 	0.000000 	0.000000 	0.000000 
2400 	 -848.00 	549.234906       0 	 	0.000000 	0.000000 	0.000000 
2408 	 -844.00 	550.587809       0 	 	0.000000 	0.000000 	0.000000 
2416 	 -840.00 	551.935603       0 	 	0.000000 	0.000000 	0.000000 
2424 	 -836.00 	553.278020       0 	 	0.000000 	0.000000 	0.000000 
2432 	 -832.00 	554.614815       0 	 	0.000000 	0.000000 	0.000000 
2440 	 -828.00 	555.945799       0 	 	0.000000 	0.000000 	0.000000 
2448 	 -824.00 	557.270797       0 	 	0.000000 	0.000000 	0.000000 
2456 	 -820.00 	558.589687       0 	 	0.000000 	0.000000 	0.000000 
2464 	 -816.00 	559.902392       0 	 	0.000000 	0.000000 	0.000000 
2472 	 -812.00 	561.208849       0 	 	0.000000 	0.000000 	0.000000 
2480 	 -808.00 	562.509052       0 	 	0.000000 	0.000000 	0.000000 
2488 	 -804.00 	563.803005       0 	 	0.000000 	0.000000 	0.000000 
2496 	 -800.00 	565.090737       0 	 	0.000000 	0.000000 	0.000000 
2504 	 -796.00 	566.372306       0 	 	0.000000 	0.000000 	0.000000 
2512 	 -792.00 	567.647780       0 	 	0.000000 	0.000000 	0.000000 
2520 	 -788.00 	568.917307       0 	 	0.000000 	0.000000 	0.000000 
2528 	 -784.00 	570.181058       0 	 	0.000000 	0.000000 	0.000000 
2536 	 -780.00 	571.439272       0 	 	0.000000 	0.000000 	0.000000 
2544 	 -776.00 	572.692287       0 	 	0.000000 	0.000000 	0.000000 
2552 	 -772.00 	573.940454       0 	 	0.000000 	0.000000 	0.000000 
2560 	 -768.00 	575.184147       0 	 	0.000000 	0.000000 	0.000000 
2568 	 -764.00 	576.423750       0 	 	0.000000 	0.000000 	0.000000 
2576 	 -760.00 	577.659613       0 	 	0.000000 	0.000000 	0.000000 
2584 	 -756.00 	578.892005       0 	 	0.000000 	0.000000 	0.000000 
2592 	 -752.00 	580.121176       0 	 	0.000000 	0.000000 	0.000000 
2600 	 -748.00 	581.347296       0 	 	0.000000 	0.000000 	0.000000 
2608 	 -744.00 	582.570473       0 	 	0.000000 	0.000000 	0.000000 
2616 	 -740.00 	583.790794       0 	 	0.000000 	0.000000 	0.000000 
2624 	 -736.00 	585.008272       0 	 	0.000000 	0.000000 	0.000000 
2632 	 -732.00 	586.222905       0 	 	0.000000 	0.000000 	0.000000 
2640 	 -728.00 	587.434656       0 	 	0.000000 	0.000000 	0.000000 
2648 	 -724.00 	588.643449       0 	 	0.000000 	0.000000 	0.000000 
2656 	 -720.00 	589.849201       0 	 	0.000000 	0.000000 	0.000000 
2664 	 -716.00 	591.051782       0 	 	0.000000 	0.000000 	0.000000 
2672 	 -712.00 	592.251050       0 	 	0.000000 	0.000000 	0.000000 
2680 	 -708.00 	593.446831       0 	 	0.000000 	0.000000 	0.000000 
2688 	 -704.00 	594.638905       0 	 	0.000000 	0.000000 	0.000000 
2696 	 -700.00 	595.827044       0 	 	0.000000 	0.000000 	0.000000 
2704 	 -696.00 	597.010968       0 	 	0.000000 	0.000000 	0.000000 
2712 	 -692.00 	598.190379       0 	 	0.000000 	0.000000 	0.000000 
2720 	 -688.00 	599.364980       0 	 	0.000000 	0.000000 	0.000000 
2728 	 -684.00 	600.534486       0 	 	0.000000 	0.000000 	0.000000 
2736 	 -680.00 	601.698619       0 	 	0.000000 	0.000000 	0.000000 
2744 	 -676.00 	602.857172       0 	 	0.000000 	0.000000 	0.000000 
2752 	 -672.00 	604.009978       0 	 	0.000000 	0.000000 	0.000000 
2760 	 -668.00 	605.156890       0 	 	0.000000 	0.000000 	0.000000 
2768 	 -664.00 	606.297809       0 	 	0.000000 	0.000000 	0.000000 
2776 	 -660.00 	607.432646       0 	 	0.000000 	0.000000 	0.000000 
2784 	 -656.00 	608.561318       0 	 	0.000000 	0.000000 	0.000000 
2792 	 -652.00 	609.683751       0 	 	0.000000 	0.000000 	0.000000 
2800 	 -648.00 	610.799872       0 	 	0.000000 	0.000000 	0.000000 
2808 	 -644.00 	611.909630       0 	 	0.000000 	0.000000 	0.000000 
2816 	 -640.00 	613.012979       0 	 	0.000000 	0.000000 	0.000000 
2824 	 -636.00 	614.109896       0 	 	0.000000 	0.000000 	0.000000 
2832 	 -632.00 	615.200389       0 	 	0.000000 	0.000000 	0.000000 
2840 	 -628.00 	616.284473       0 	 	0.000000 	0.000000 	0.000000 
2848 	 -624.00 	617.362197       0 	 	0.000000 	0.000000 	0.000000 
2856 	 -620.00 	618.433627       0 	 	0.000000 	0.000000 	0.000000 
2864 	 -616.00 	619.498838       0 	 	0.000000 	0.000000 	0.000000 
2872 	 -612.00 	620.557921       0 	 	0.000000 	0.000000 	0.000000 
2880 	 -608.00 	621.610967       0 	 	0.000000 	0.000000 	0.000000 
2888 	 -604.00 	622.658048       0 	 	0.000000 	0.000000 	0.000000 
2896 	 -600.00 	623.699226       0 	 	0.000000 	0.000000 	0.000000 
2904 	 -596.00 	624.734544       0 	 	0.000000 	0.000000 	0.000000 
2912 	 -592.00 	625.763995       0 	 	0.000000 	0.000000 	0.000000 
2920 	 -588.00 	626.787567       0 	 	0.000000 	0.000000 	0.000000 
2928 	 -584.00 	627.805250       0 	 	0.000000 	0.000000 	0.000000 
2936 	 -580.00 	628.817035       0 	 	0.000000 	0.000000 	0.000000 
2944 	 -576.00 	629.822936       0 	 	0.000000 	0.000000 	0.000000 
2952 	 -572.00 	630.823050       0 	 	0.000000 	0.000000 	0.000000 
2960 	 -568.00 	631.817496       0 	 	0.000000 	0.000000 	0.000000 
2968 	 -564.00 	632.806414       0 	 	0.000000 	0.000000 	0.000000 
2976 	 -560.00 	633.789973       0 	 	0.000000 	0.000000 	0.000000 
2984 	 -556.00 	634.768337       0 	 	0.000000 	0.000000 	0.000000 
2992 	 -552.00 	635.741621       0 	 	0.000000 	0.000000 	0.000000 
3000 	 -548.00 	636.709925       0 	 	0.000000 	0.000000 	0.000000 
3008 	 -544.00 	637.673320       0 	 	0.000000 	0.000000 	0.000000 
3016 	 -540.00 	638.631826       0 	 	0.000000 	0.000000 	0.000000 
3024 	 -536.00 	639.585455       0 	 	0.000000 	0.000000 	0.000000 
3032 	 -532.00 	640.534186       0 	 	0.000000 	0.000000 	0.000000 
3040 	 -528.00 	641.477978       0 	 	0.000000 	0.000000 	0.000000 
3048 	 -524.00 	642.416778       0 	 	0.000000 	0.000000 	0.000000 
3056 	 -520.00 	643.350504       0 	 	0.000000 	0.000000 	0.000000 
3064 	 -516.00 	644.279069       0 	 	0.000000 	0.000000 	0.000000 
3072 	 -512.00 	645.202354       0 	 	0.000000 	0.000000 	0.000000 
3080 	 -508.00 	646.120221       0 	 	0.000000 	0.000000 	0.000000 
3088 	 -504.00 	647.032518       0 	 	0.000000 	0.000000 	0.000000 
3096 	 -500.00 	647.939047       0 	 	0.000000 	0.000000 	0.000000 
3104 	 -496.00 	648.839598       0 	 	0.000000 	0.000000 	0.000000 
3112 	 -492.00 	649.733946       0 	 	0.000000 	0.000000 	0.000000 
3120 	 -488.00 	650.621840       0 	 	0.000000 	0.000000 	0.000000 
3128 	 -484.00 	651.503043       0 	 	0.000000 	0.000000 	0.000000 
3136 	 -480.00 	652.377381       0 	 	0.000000 	0.000000 	0.000000 
3144 	 -476.00 	653.244700       0 	 	0.000000 	0.000000 	0.000000 
3152 	 -472.00 	654.104926       0 	 	0.000000 	0.000000 	0.000000 
3160 	 -468.00 	654.958099       0 	 	0.000000 	0.000000 	0.000000 
3168 	 -464.00 	655.804278       0 	 	0.000000 	0.000000 	0.000000 
3176 	 -460.00 	656.643567       0 	 	0.000000 	0.000000 	0.000000 
3184 	 -456.00 	657.476089       0 	 	0.000000 	0.000000 	0.000000 
3192 	 -452.00 	658.301950       0 	 	0.000000 	0.000000 	0.000000 
3200 	 -448.00 	659.121209       0 	 	0.000000 	0.000000 	0.000000 
3208 	 -444.00 	659.933915       0 	 	0.000000 	0.000000 	0.000000 
3216 	 -440.00 	660.740089       0 	 	0.000000 	0.000000 	0.000000 
3224 	 -436.00 	661.539732       0 	 	0.000000 	0.000000 	0.000000 
3232 	 -432.00 	662.332847       0 	 	0.000000 	0.000000 	0.000000 
3240 	 -428.00 	663.119445       0 	 	0.000000 	0.000000 	0.000000 
3248 	 -424.00 	663.899541       0 	 	0.000000 	0.000000 	0.000000 
3256 	 -420.00 	664.673169       0 	 	0.000000 	0.000000 	0.000000 
3264 	 -416.00 	665.440384       0 	 	0.000000 	0.000000 	0.000000 
3272 	 -412.00 	666.201245       0 	 	0.000000 	0.000000 	0.000000 
3280 	 -408.00 	666.955836       0 	 	0.000000 	0.000000 	0.000000 
3288 	 -404.00 	667.704243       0 	 	0.000000 	0.000000 	0.000000 
3296 	 -400.00 	668.446555       0 	 	0.000000 	0.000000 	0.000000 
3304 	 -396.00 	669.182855       0 	 	0.000000 	0.000000 	0.000000 
3312 	 -392.00 	669.913222       0 	 	0.000000 	0.000000 	0.000000 
3320 	 -388.00 	670.637695       0 	 	0.000000 	0.000000 	0.000000 
3328 	 -384.00 	671.356294       0 	 	0.000000 	0.000000 	0.000000 
3336 	 -380.00 	672.069016       0 	 	0.000000 	0.000000 	0.000000 
3344 	 -376.00 	672.775808       0 	 	0.000000 	0.000000 	0.000000 
3352 	 -372.00 	673.476612       0 	 	0.000000 	0.000000 	0.000000 
3360 	 -368.00 	674.171380       0 	 	0.000000 	0.000000 	0.000000 
3368 	 -364.00 	674.860067       0 	 	0.000000 	0.000000 	0.000000 
3376 	 -360.00 	675.542636       0 	 	0.000000 	0.000000 	0.000000 
3384 	 -356.00 	676.219072       0 	 	0.000000 	0.000000 	0.000000 
3392 	 -352.00 	676.889361       0 	 	0.000000 	0.000000 	0.000000 
3400 	 -348.00 	677.553430       0 	 	0.000000 	0.000000 	0.000000 
3408 	 -344.00 	678.211153       0 	 	0.000000 	0.000000 	0.000000 
3416 	 -340.00 	678.862375       0 	 	0.000000 	0.000000 	0.000000 
3424 	 -336.00 	679.506823       0 	 	0.000000 	0.000000 	0.000000 
3432 	 -332.00 	680.144193       0 	 	0.000000 	0.000000 	0.000000 
3440 	 -328.00 	680.774137       0 	 	0.000000 	0.000000 	0.000000 
3448 	 -324.00 	681.396257       0 	 	0.000000 	0.000000 	0.000000 
3456 	 -320.00 	682.010150       0 	 	0.000000 	0.000000 	0.000000 
3464 	 -316.00 	682.615416       0 	 	0.000000 	0.000000 	0.000000 
3472 	 -312.00 	683.211654       0 	 	0.000000 	0.000000 	0.000000 
3480 	 -308.00 	683.798491       0 	 	0.000000 	0.000000 	0.000000 
3488 	 -304.00 	684.375603       0 	 	0.000000 	0.000000 	0.000000 
3496 	 -300.00 	684.942678       0 	 	0.000000 	0.000000 	0.000000 
3504 	 -296.00 	685.499491       0 	 	0.000000 	0.000000 	0.000000 
3512 	 -292.00 	686.045863       0 	 	0.000000 	0.000000 	0.000000 
3520 	 -288.00 	686.581665       0 	 	0.000000 	0.000000 	0.000000 
3528 	 -284.00 	687.106892       0 	 	0.000000 	0.000000 	0.000000 
3536 	 -280.00 	687.621568       0 	 	0.000000 	0.000000 	0.000000 
3544 	 -276.00 	688.125855       0 	 	0.000000 	0.000000 	0.000000 
3552 	 -272.00 	688.620024       0 	 	0.000000 	0.000000 	0.000000 
3560 	 -268.00 	689.104406       0 	 	0.000000 	0.000000 	0.000000 
3568 	 -264.00 	689.579547       0 	 	0.000000 	0.000000 	0.000000 
3576 	 -260.00 	690.046047       0 	 	0.000000 	0.000000 	0.000000 
3584 	 -256.00 	690.504593       0 	 	0.000000 	0.000000 	0.000000 
3592 	 -252.00 	690.955970       0 	 	0.000000 	0.000000 	0.000000 
3600 	 -248.00 	691.400955       0 	 	0.000000 	0.000000 	0.000000 
3608 	 -244.00 	691.840251       0 	 	0.000000 	0.000000 	0.000000 
3616 	 -240.00 	692.274533       0 	 	0.000000 	0.000000 	0.000000 
3624 	 -236.00 	692.704377       0 	 	0.000000 	0.000000 	0.000000 
3632 	 -232.00 	693.130198       0 	 	0.000000 	0.000000 	0.000000 
3640 	 -228.00 	693.552380       0 	 	0.000000 	0.000000 	0.000000 
3648 	 -224.00 	693.971158       0 	 	0.000000 	0.000000 	0.000000 
3656 	 -220.00 	694.386691       0 	 	0.000000 	0.000000 	0.000000 
3664 	 -216.00 	694.799091       0 	 	0.000000 	0.000000 	0.000000 
3672 	 -212.00 	695.208365       0 	 	0.000000 	0.000000 	0.000000 
3680 	 -208.00 	695.614498       0 	 	0.000000 	0.000000 	0.000000 
3688 	 -204.00 	696.017405       0 	 	0.000000 	0.000000 	0.000000 
3696 	 -200.00 	696.416951       0 	 	0.000000 	0.000000 	0.000000 
3704 	 -196.00 	696.812973       0 	 	0.000000 	0.000000 	0.000000 
3712 	 -192.00 	697.205215       0 	 	0.000000 	0.000000 	0.000000 
3720 	 -188.00 	697.593402       0 	 	0.000000 	0.000000 	0.000000 
3728 	 -184.00 	697.977172       0 	 	0.000000 	0.000000 	0.000000 
3736 	 -180.00 	698.356071       0 	 	0.000000 	0.000000 	0.000000 
3744 	 -176.00 	698.729616       0 	 	0.000000 	0.000000 	0.000000 
3752 	 -172.00 	699.097191       0 	 	0.000000 	0.000000 	0.000000 
3760 	 -168.00 	699.458134       0 	 	0.000000 	0.000000 	0.000000 
3768 	 -164.00 	699.811771       0 	 	0.000000 	0.000000 	0.000000 
3776 	 -160.00 	700.157410       0 	 	0.000000 	0.000000 	0.000000 
3784 	 -156.00 	700.494374       0 	 	0.000000 	0.000000 	0.000000 
3792 	 -152.00 	700.822139       0 	 	0.000000 	0.000000 	0.000000 
3800 	 -148.00 	701.140252       0 	 	0.000000 	0.000000 	0.000000 
3808 	 -144.00 	701.448339       0 	 	0.000000 	0.000000 	0.000000 
3816 	 -140.00 	701.746197       0 	 	0.000000 	0.000000 	0.000000 
3824 	 -136.00 	702.033651       0 	 	0.000000 	0.000000 	0.000000 
3832 	 -132.00 	702.310607       0 	 	0.000000 	0.000000 	0.000000 
3840 	 -128.00 	702.577033       0 	 	0.000000 	0.000000 	0.000000 
3848 	 -124.00 	702.832915       0 	 	0.000000 	0.000000 	0.000000 
3856 	 -120.00 	703.078311       0 	 	0.000000 	0.000000 	0.000000 
3864 	 -116.00 	703.313291       0 	 	0.000000 	0.000000 	0.000000 
3872 	 -112.00 	703.537972       0 	 	0.000000 	0.000000 	0.000000 
3880 	 -108.00 	703.752511       0 	 	0.000000 	0.000000 	0.000000 
3888 	 -104.00 	703.957080       0 	 	0.000000 	0.000000 	0.000000 
3896 	 -100.00 	704.151898       0 	 	0.000000 	0.000000 	0.000000 
3904 	 -96.00 	704.337196       0 	 	0.000000 	0.000000 	0.000000 
3912 	 -92.00 	704.513219       0 	 	0.000000 	0.000000 	0.000000 
3920 	 -88.00 	704.680230       0 	 	0.000000 	0.000000 	0.000000 
3928 	 -84.00 	704.838489       0 	 	0.000000 	0.000000 	0.000000 
3936 	 -80.00 	704.988233       0 	 	0.000000 	0.000000 	0.000000 
3944 	 -76.00 	705.129687       0 	 	0.000000 	0.000000 	0.000000 
3952 	 -72.00 	705.263040       0 	 	0.000000 	0.000000 	0.000000 
3960 	 -68.00 	705.388407       0 	 	0.000000 	0.000000 	0.000000 
3968 	 -64.00 	705.505887       0 	 	0.000000 	0.000000 	0.000000 
3976 	 -60.00 	705.615524       0 	 	0.000000 	0.000000 	0.000000 
3984 	 -56.00 	705.717323       0 	 	0.000000 	0.000000 	0.000000 
3992 	 -52.00 	705.811307       0 	 	0.000000 	0.000000 	0.000000 
4000 	 -48.00 	705.897542       0 	 	0.000000 	0.000000 	0.000000 
4008 	 -44.00 	705.976102       0 	 	0.000000 	0.000000 	0.000000 
4016 	 -40.00 	706.047121       0 	 	0.000000 	0.000000 	0.000000 
4024 	 -36.00 	706.110779       0 	 	0.000000 	0.000000 	0.000000 
4032 	 -32.00 	706.167257       0 	 	0.000000 	0.000000 	0.000000 
4040 	 -28.00 	706.216720       0 	 	0.000000 	0.000000 	0.000000 
4048 	 -24.00 	706.259330       0 	 	0.000000 	0.000000 	0.000000 
4056 	 -20.00 	706.295216       0 	 	0.000000 	0.000000 	0.000000 
4064 	 -16.00 	706.324465       0 	 	0.000000 	0.000000 	0.000000 
4072 	 -12.00 	706.347157       0 	 	0.000000 	0.000000 	0.000000 
4080 	 -8.00 	706.363334       0 	 	0.000000 	0.000000 	0.000000 
4088 	 -4.00 	706.373029       0 	 	0.000000 	0.000000 	0.000000 
4096 	 0.00 	706.376259       0 	 	0.000000 	0.000000 	0.000000 
4104 	 4.00 	706.373029       0 	 	0.000000 	0.000000 	0.000000 
4112 	 8.00 	706.363334       0 	 	0.000000 	0.000000 	0.000000 
4120 	 12.00 	706.347157       0 	 	0.000000 	0.000000 	0.000000 
4128 	 16.00 	706.324465       0 	 	0.000000 	0.000000 	0.000000 
4136 	 20.00 	706.295216       0 	 	0.000000 	0.000000 	0.000000 
4144 	 24.00 	706.259330       0 	 	0.000000 	0.000000 	0.000000 
4152 	 28.00 	706.216720       0 	 	0.000000 	0.000000 	0.000000 
4160 	 32.00 	706.167257       0 	 	0.000000 	0.000000 	0.000000 
4168 	 36.00 	706.110779       0 	 	0.000000 	0.000000 	0.000000 
4176 	 40.00 	706.047121       0 	 	0.000000 	0.000000 	0.000000 
4184 	 44.00 	705.976102       0 	 	0.000000 	0.000000 	0.000000 
4192 	 48.00 	705.897542       0 	 	0.000000 	0.000000 	0.000000 
4200 	 52.00 	705.811307       0 	 	0.000000 	0.000000 	0.000000 
4208 	 56.00 	705.717323       0 	 	0.000000 	0.000000 	0.000000 
4216 	 60.00 	705.615524       0 	 	0.000000 	0.000000 	0.000000 
4224 	 64.00 	705.505887       0 	 	0.000000 	0.000000 	0.000000 
4232 	 68.00 	705.388407       0 	 	0.000000 	0.000000 	0.000000 
4240 	 72.00 	705.263040       0 	 	0.000000 	0.000000 	0.000000 
4248 	 76.00 	705.129687       0 	 	0.000000 	0.000000 	0.000000 
4256 	 80.00 	704.988233       0 	 	0.000000 	0.000000 	0.000000 
4264 	 84.00 	704.838489       0 	 	0.000000 	0.000000 	0.000000 
4272 	 88.00 	704.680230       0 	 	0.000000 	0.000000 	0.000000 
4280 	 92.00 	704.513219       0 	 	0.000000 	0.000000 	0.000000 
4288 	 96.00 	704.337196       0 	 	0.000000 	0.000000 	0.000000 
4296 	 100.00 	704.151898       0 	 	0.000000 	0.000000 	0.000000 
4304 	 104.00 	703.957080       0 	 	0.000000 	0.000000 	0.000000 
4312 	 108.00 	703.752511       0 	 	0.000000 	0.000000 	0.000000 
4320 	 112.00 	703.537972       0 	 	0.000000 	0.000000 	0.000000 
4328 	 116.00 	703.313291       0 	 	0.000000 	0.000000 	0.000000 
4336 	 120.00 	703.078311       0 	 	0.000000 	0.000000 	0.000000 
4344 	 124.00 	702.832915       0 	 	0.000000 	0.000000 	0.000000 
4352 	 128.00 	702.577033       0 	 	0.000000 	0.000000 	0.000000 
4360 	 132.00 	702.310607       0 	 	0.000000 	0.000000 	0.000000 
4368 	 136.00 	702.033651       0 	 	0.000000 	0.000000 	0.000000 
4376 	 140.00 	701.746197       0 	 	0.000000 	0.000000 	0.000000 
4384 	 144.00 	701.448339       0 	 	0.000000 	0.000000 	0.000000 
4392 	 148.00 	701.140252       0 	 	0.000000 	0.000000 	0.000000 
4400 	 152.00 	700.822139       0 	 	0.000000 	0.000000 	0.000000 
4408 	 156.00 	700.494374       0 	 	0.000000 	0.000000 	0.000000 
4416 	 160.00 	700.157410       0 	 	0.000000 	0.000000 	0.000000 
4424 	 164.00 	699.811771       0 	 	0.000000 	0.000000 	0.000000 
4432 	 168.00 	699.458134       0 	 	0.000000 	0.000000 	0.000000 
4440 	 172.00 	699.097191       0 	 	0.000000 	0.000000 	0.000000 
4448 	 176.00 	698.729616       0 	 	0.000000 	0.000000 	0.000000 
4456 	 180.00 	698.356071       0 	 	0.000000 	0.000000 	0.000000 
4464 	 184.00 	697.977172       0 	 	0.000000 	0.000000 	0.000000 
4472 	 188.00 	697.593402       0 	 	0.000000 	0.000000 	0.000000 
4480 	 192.00 	697.205215       0 	 	0.000000 	0.000000 	0.000000 
4488 	 196.00 	696.812973       0 	 	0.000000 	0.000000 	0.000000 
4496 	 200.00 	696.416951       0 	 	0.000000 	0.000000 	0.000000 
4504 	 204.00 	696.017405       0 	 	0.000000 	0.000000 	0.000000 
4512 	 208.00 	695.614498       0 	 	0.000000 	0.000000 	0.000000 
4520 	 212.00 	695.208365       0 	 	0.000000 	0.000000 	0.000000 
4528 	 216.00 	694.799091       0 	 	0.000000 	0.000000 	0.000000 
4536 	 220.00 	694.386691       0 	 	0.000000 	0.000000 	0.000000 
4544 	 224.00 	693.971158       0 	 	0.000000 	0.000000 	0.000000 
4552 	 228.00 	693.552380       0 	 	0.000000 	0.000000 	0.000000 
4560 	 232.00 	693.130198       0 	 	0.000000 	0.000000 	0.000000 
4568 	 236.00 	692.704377       0 	 	0.000000 	0.000000 	0.000000 
4576 	 240.00 	692.274533       0 	 	0.000000 	0.000000 	0.000000 
4584 	 244.00 	691.840251       0 	 	0.000000 	0.000000 	0.000000 
4592 	 248.00 	691.400955       0 	 	0.000000 	0.000000 	0.000000 
4600 	 252.00 	690.955970       0 	 	0.000000 	0.000000 	0.000000 
4608 	 256.00 	690.504593       0 	 	0.000000 	0.000000 	0.000000 
4616 	 260.00 	690.046047       0 	 	0.000000 	0.000000 	0.000000 
4624 	 264.00 	689.579547       0 	 	0.000000 	0.000000 	0.000000 
4632 	 268.00 	689.104406       0 	 	0.000000 	0.000000 	0.000000 
4640 	 272.00 	688.620024       0 	 	0.000000 	0.000000 	0.000000 
4648 	 276.00 	688.125855       0 	 	0.000000 	0.000000 	0.000000 
4656 	 280.00 	687.621568       0 	 	0.000000 	0.000000 	0.000000 
4664 	 284.00 	687.106892       0 	 	0.000000 	0.000000 	0.000000 
4672 	 288.00 	686.581665       0 	 	0.000000 	0.000000 	0.000000 
4680 	 292.00 	686.045863       0 	 	0.000000 	0.000000 	0.000000 
4688 	 296.00 	685.499491       0 	 	0.000000 	0.000000 	0.000000 
4696 	 300.00 	684.942678       0 	 	0.000000 	0.000000 	0.000000 
4704 	 304.00 	684.375603       0 	 	0.000000 	0.000000 	0.000000 
4712 	 308.00 	683.798491       0 	 	0.000000 	0.000000 	0.000000 
4720 	 312.00 	683.211654       0 	 	0.000000 	0.000000 	0.000000 
4728 	 316.00 	682.615416       0 	 	0.000000 	0.000000 	0.000000 
4736 	 320.00 	682.010150       0 	 	0.000000 	0.000000 	0.000000 
4744 	 324.00 	681.396257       0 	 	0.000000 	0.000000 	0.000000 
4752 	 328.00 	680.774137       0 	 	0.000000 	0.000000 	0.000000 
4760 	 332.00 	680.144193       0 	 	0.000000 	0.000000 	0.000000 
4768 	 336.00 	679.506823       0 	 	0.000000 	0.000000 	0.000000 
4776 	 340.00 	678.862375       0 	 	0.000000 	0.000000 	0.000000 
4784 	 344.00 	678.211153       0 	 	0.000000 	0.000000 	0.000000 
4792 	 348.00 	677.553430       0 	 	0.000000 	0.000000 	0.000000 
4800 	 352.00 	676.889361       0 	 	0.000000 	0.000000 	0.000000 
4808 	 356.00 	676.219072       0 	 	0.000000 	0.000000 	0.000000 
4816 	 360.00 	675.542636       0 	 	0.000000 	0.000000 	0.000000 
4824 	 364.00 	674.860067       0 	 	0.000000 	0.000000 	0.000000 
4832 	 368.00 	674.171380       0 	 	0.000000 	0.000000 	0.000000 
4840 	 372.00 	673.476612       0 	 	0.000000 	0.000000 	0.000000 
4848 	 376.00 	672.775808       0 	 	0.000000 	0.000000 	0.000000 
4856 	 380.00 	672.069016       0 	 	0.000000 	0.000000 	0.000000 
4864 	 384.00 	671.356294       0 	 	0.000000 	0.000000 	0.000000 
4872 	 388.00 	670.637695       0 	 	0.000000 	0.000000 	0.000000 
4880 	 392.00 	669.913222       0 	 	0.000000 	0.000000 	0.000000 
4888 	 396.00 	669.182855       0 	 	0.000000 	0.000000 	0.000000 
4896 	 400.00 	668.446555       0 	 	0.000000 	0.000000 	0.000000 
4904 	 404.00 	667.704243       0 	 	0.000000 	0.000000 	0.000000 
4912 	 408.00 	666.955836       0 	 	0.000000 	0.000000 	0.000000 
4920 	 412.00 	666.201245       0 	 	0.000000 	0.000000 	0.000000 
4928 	 416.00 	665.440384       0 	 	0.000000 	0.000000 	0.000000 
4936 	 420.00 	664.673169       0 	 	0.000000 	0.000000 	0.000000 
4944 	 424.00 	663.899541       0 	 	0.000000 	0.000000 	0.000000 
4952 	 428.00 	663.119445       0 	 	0.000000 	0.000000 	0.000000 
4960 	 432.00 	662.332847       0 	 	0.000000 	0.000000 	0.000000 
4968 	 436.00 	661.539732       0 	 	0.000000 	0.000000 	0.000000 
4976 	 440.00 	660.740089       0 	 	0.000000 	0.000000 	0.000000 
4984 	 444.00 	659.933915       0 	 	0.000000 	0.000000 	0.000000 
4992 	 448.00 	659.121209       0 	 	0.000000 	0.000000 	0.000000 
5000 	 452.00 	658.301950       0 	 	0.000000 	0.000000 	0.000000 
5008 	 456.00 	657.476089       0 	 	0.000000 	0.000000 	0.000000 
5016 	 460.00 	656.643567       0 	 	0.000000 	0.000000 	0.000000 
5024 	 464.00 	655.804278       0 	 	0.000000 	0.000000 	0.000000 
5032 	 468.00 	654.958099       0 	 	0.000000 	0.000000 	0.000000 
5040 	 472.00 	654.104926       0 	 	0.000000 	0.000000 	0.000000 
5048 	 476.00 	653.244700       0 	 	0.000000 	0.000000 	0.000000 
5056 	 480.00 	652.377381       0 	 	0.000000 	0.000000 	0.000000 
5064 	 484.00 	651.503043       0 	 	0.000000 	0.000000 	0.000000 
5072 	 488.00 	650.621840       0 	 	0.000000 	0.000000 	0.000000 
5080 	 492.00 	649.733946       0 	 	0.000000 	0.000000 	0.000000 
5088 	 496.00 	648.839598       0 	 	0.000000 	0.000000 	0.000000 
5096 	 500.00 	647.939047       0 	 	0.000000 	0.000000 	0.000000 
5104 	 504.00 	647.032518       0 	 	0.000000 	0.000000 	0.000000 
5112 	 508.00 	646.120221       0 	 	0.000000 	0.000000 	0.000000 
5120 	 512.00 	645.202354       0 	 	0.000000 	0.000000 	0.000000 
5128 	 516.00 	644.279069       0 	 	0.000000 	0.000000 	0.000000 
5136 	 520.00 	643.350504       0 	 	0.000000 	0.000000 	0.000000 
5144 	 524.00 	642.416778       0 	 	0.000000 	0.000000 	0.000000 
5152 	 528.00 	641.477978       0 	 	0.000000 	0.000000 	0.000000 
5160 	 532.00 	640.534186       0 	 	0.000000 	0.000000 	0.000000 
5168 	 536.00 	639.585455       0 	 	0.000000 	0.000000 	0.000000 
5176 	 540.00 	638.631826       0 	 	0.000000 	0.000000 	0.000000 
5184 	 544.00 	637.673320       0 	 	0.000000 	0.000000 	0.000000 
5192 	 548.00 	636.709925       0 	 	0.000000 	0.000000 	0.000000 
5200 	 552.00 	635.741621       0 	 	0.000000 	0.000000 	0.000000 
5208 	 556.00 	634.768337       0 	 	0.000000 	0.000000 	0.000000 
5216 	 560.00 	633.789973       0 	 	0.000000 	0.000000 	0.000000 
5224 	 564.00 	632.806414       0 	 	0.000000 	0.000000 	0.000000 
5232 	 568.00 	631.817496       0 	 	0.000000 	0.000000 	0.000000 
5240 	 572.00 	630.823050       0 	 	0.000000 	0.000000 	0.000000 
5248 	 576.00 	629.822936       0 	 	0.000000 	0.000000 	0.000000 
5256 	 580.00 	628.817035       0 	 	0.000000 	0.000000 	0.000000 
5264 	 584.00 	627.805250       0 	 	0.000000 	0.000000 	0.000000 
5272 	 588.00 	626.787567       0 	 	0.000000 	0.000000 	0.000000 
5280 	 592.00 	625.763995       0 	 	0.000000 	0.000000 	0.000000 
5288 	 596.00 	624.734544       0 	 	0.000000 	0.000000 	0.000000 
5296 	 600.00 	623.699226       0 	 	0.000000 	0.000000 	0.000000 
5304 	 604.00 	622.658048       0 	 	0.000000 	0.000000 	0.000000 
5312 	 608.00 	621.610967       0 	 	0.000000 	0.000000 	0.000000 
5320 	 612.00 	620.557921       0 	 	0.000000 	0.000000 	0.000000 
5328 	 616.00 	619.498838       0 	 	0.000000 	0.000000 	0.000000 
5336 	 620.00 	618.433627       0 	 	0.000000 	0.000000 	0.000000 
5344 	 624.00 	617.362197       0 	 	0.000000 	0.000000 	0.000000 
5352 	 628.00 	616.284473       0 	 	0.000000 	0.000000 	0.000000 
5360 	 632.00 	615.200389       0 	 	0.000000 	0.000000 	0.000000 
5368 	 636.00 	614.109896       0 	 	0.000000 	0.000000 	0.000000 
5376 	 640.00 	613.012979       0 	 	0.000000 	0.000000 	0.000000 
5384 	 644.00 	611.909630       0 	 	0.000000 	0.000000 	0.000000 
5392 	 648.00 	610.799872       0 	 	0.000000 	0.000000 	0.000000 
5400 	 652.00 	609.683751       0 	 	0.000000 	0.000000 	0.000000 
5408 	 656.00 	608.561318       0 	 	0.000000 	0.000000 	0.000000 
5416 	 660.00 	607.432646       0 	 	0.000000 	0.000000 	0.000000 
5424 	 664.00 	606.297809       0 	 	0.000000 	0.000000 	0.000000 
5432 	 668.00 	605.156890       0 	 	0.000000 	0.000000 	0.000000 
5440 	 672.00 	604.009978       0 	 	0.000000 	0.000000 	0.000000 
5448 	 676.00 	602.857172       0 	 	0.000000 	0.000000 	0.000000 
5456 	 680.00 	601.698619       0 	 	0.000000 	0.000000 	0.000000 
5464 	 684.00 	600.534486       0 	 	0.000000 	0.000000 	0.000000 
5472 	 688.00 	599.364980       0 	 	0.000000 	0.000000 	0.000000 
5480 	 692.00 	598.190379       0 	 	0.000000 	0.000000 	0.000000 
5488 	 696.00 	597.010968       0 	 	0.000000 	0.000000 	0.000000 
5496 	 700.00 	595.827044       0 	 	0.000000 	0.000000 	0.000000 
5504 	 704.00 	594.638905       0 	 	0.000000 	0.000000 	0.000000 
5512 	 708.00 	593.446831       0 	 	0.000000 	0.000000 	0.000000 
5520 	 712.00 	592.251050       0 	 	0.000000 	0.000000 	0.000000 
5528 	 716.00 	591.051782       0 	 	0.000000 	0.000000 	0.000000 
5536 	 720.00 	589.849201       0 	 	0.000000 	0.000000 	0.000000 
5544 	 724.00 	588.643449       0 	 	0.000000 	0.000000 	0.000000 
5552 	 728.00 	587.434656       0 	 	0.000000 	0.000000 	0.000000 
5560 	 732.00 	586.222905       0 	 	0.000000 	0.000000 	0.000000 
5568 	 736.00 	585.008272       0 	 	0.000000 	0.000000 	0.000000 
5576 	 740.00 	583.790794       0 	 	0.000000 	0.000000 	0.000000 
5584 	 744.00 	582.570473       0 	 	0.000000 	0.000000 	0.000000 
5592 	 748.00 	581.347296       0 	 	0.000000 	0.000000 	0.000000 
5600 	 752.00 	580.121176       0 	 	0.000000 	0.000000 	0.000000 
5608 	 756.00 	578.892005       0 	 	0.000000 	0.000000 	0.000000 
5616 	 760.00 	577.659613       0 	 	0.000000 	0.000000 	0.000000 
5624 	 764.00 	576.423750       0 	 	0.000000 	0.000000 	0.000000 
5632 	 768.00 	575.184147       0 	 	0.000000 	0.000000 	0.000000 
5640 	 772.00 	573.940454       0 	 	0.000000 	0.000000 	0.000000 
5648 	 776.00 	572.692287       0 	 	0.000000 	0.000000 	0.000000 
5656 	 780.00 	571.439272       0 	 	0.000000 	0.000000 	0.000000 
5664 	 784.00 	570.181058       0 	 	0.000000 	0.000000 	0.000000 
5672 	 788.00 	568.917307       0 	 	0.000000 	0.000000 	0.000000 
5680 	 792.00 	567.647780       0 	 	0.000000 	0.000000 	0.000000 
5688 	 796.00 	566.372306       0 	 	0.000000 	0.000000 	0.000000 
5696 	 800.00 	565.090737       0 	 	0.000000 	0.000000 	0.000000 
5704 	 804.00 	563.803005       0 	 	0.000000 	0.000000 	0.000000 
5712 	 808.00 	562.509052       0 	 	0.000000 	0.000000 	0.000000 
5720 	 812.00 	561.208849       0 	 	0.000000 	0.000000 	0.000000 
5728 	 816.00 	559.902392       0 	 	0.000000 	0.000000 	0.000000 
5736 	 820.00 	558.589687       0 	 	0.000000 	0.000000 	0.000000 
5744 	 824.00 	557.270797       0 	 	0.000000 	0.000000 	0.000000 
5752 	 828.00 	555.945799       0 	 	0.000000 	0.000000 	0.000000 
5760 	 832.00 	554.614815       0 	 	0.000000 	0.000000 	0.000000 
5768 	 836.00 	553.278020       0 	 	0.000000 	0.000000 	0.000000 
5776 	 840.00 	551.935603       0 	 	0.000000 	0.000000 	0.000000 
5784 	 844.00 	550.587809       0 	 	0.000000 	0.000000 	0.000000 
5792 	 848.00 	549.234906       0 	 	0.000000 	0.000000 	0.000000 
5800 	 852.00 	547.877174       0 	 	0.000000 	0.000000 	0.000000 
5808 	 856.00 	546.514919       0 	 	0.000000 	0.000000 	0.000000 
5816 	 860.00 	545.148447       0 	 	0.000000 	0.000000 	0.000000 
5824 	 864.00 	543.778043       0 	 	0.000000 	0.000000 	0.000000 
5832 	 868.00 	542.403977       0 	 	0.000000 	0.000000 	0.000000 
5840 	 872.00 	541.026490       0 	 	0.000000 	0.000000 	0.000000 
5848 	 876.00 	539.645734       0 	 	0.000000 	0.000000 	0.000000 
5856 	 880.00 	538.261845       0 	 	0.000000 	0.000000 	0.000000 
5864 	 884.00 	536.874879       0 	 	0.000000 	0.000000 	0.000000 
5872 	 888.00 	535.484830       0 	 	0.000000 	0.000000 	0.000000 
5880 	 892.00 	534.091681       0 	 	0.000000 	0.000000 	0.000000 
5888 	 896.00 	532.695398       0 	 	0.000000 	0.000000 	0.000000 
5896 	 900.00 	531.295942       0 	 	0.000000 	0.000000 	0.000000 
5904 	 904.00 	529.893283       0 	 	0.000000 	0.000000 	0.000000 
5912 	 908.00 	528.487402       0 	 	0.000000 	0.000000 	0.000000 
5920 	 912.00 	527.078274       0 	 	0.000000 	0.000000 	0.000000 
5928 	 916.00 	525.665833       0 	 	0.000000 	0.000000 	0.000000 
5936 	 920.00 	524.249997       0 	 	0.000000 	0.000000 	0.000000 
5944 	 924.00 	522.830651       0 	 	0.000000 	0.000000 	0.000000 
5952 	 928.00 	521.407631       0 	 	0.000000 	0.000000 	0.000000 
5960 	 932.00 	519.980764       0 	 	0.000000 	0.000000 	0.000000 
5968 	 936.00 	518.549854       0 	 	0.000000 	0.000000 	0.000000 
5976 	 940.00 	517.114691       0 	 	0.000000 	0.000000 	0.000000 
5984 	 944.00 	515.675073       0 	 	0.000000 	0.000000 	0.000000 
5992 	 948.00 	514.230803       0 	 	0.000000 	0.000000 	0.000000 
6000 	 952.00 	512.781691       0 	 	0.000000 	0.000000 	0.000000 
6008 	 956.00 	511.327578       0 	 	0.000000 	0.000000 	0.000000 
6016 	 960.00 	509.868331       0 	 	0.000000 	0.000000 	0.000000 
6024 	 964.00 	508.403836       0 	 	0.000000 	0.000000 	0.000000 
6032 	 968.00 	506.934041       0 	 	0.000000 	0.000000 	0.000000 
6040 	 972.00 	505.458912       0 	 	0.000000 	0.000000 	0.000000 
6048 	 976.00 	503.978472       0 	 	0.000000 	0.000000 	0.000000 
6056 	 980.00 	502.492804       0 	 	0.000000 	0.000000 	0.000000 
6064 	 984.00 	501.002016       0 	 	0.000000 	0.000000 	0.000000 
6072 	 988.00 	499.506321       0 	 	0.000000 	0.000000 	0.000000 
6080 	 992.00 	498.005973       0 	 	0.000000 	0.000000 	0.000000 
6088 	 996.00 	496.501296       0 	 	0.000000 	0.000000 	0.000000 
6096 	 1000.00 	494.992721       0 	 	0.000000 	0.000000 	0.000000 
6104 	 1004.00 	493.480696       0 	 	0.000000 	0.000000 	0.000000 
6112 	 1008.00 	491.965689       0 	 	0.000000 	0.000000 	0.000000 
6120 	 1012.00 	490.448181       0 	 	0.000000 	0.000000 	0.000000 
6128 	 1016.00 	488.928594       0 	 	0.000000 	0.000000 	0.000000 
6136 	 1020.00 	487.407223       0 	 	0.000000 	0.000000 	0.000000 
6144 	 1024.00 	485.884333       0 	 	0.000000 	0.000000 	0.000000 
6152 	 1028.00 	484.360039       0 	 	0.000000 	0.000000 	0.000000 
6160 	 1032.00 	482.834355       0 	 	0.000000 	0.000000 	0.000000 
6168 	 1036.00 	481.307252       0 	 	0.000000 	0.000000 	0.000000 
6176 	 1040.00 	479.778578       0 	 	0.000000 	0.000000 	0.000000 
6184 	 1044.00 	478.248155       0 	 	0.000000 	0.000000 	0.000000 
6192 	 1048.00 	476.715755       0 	 	0.000000 	0.000000 	0.000000 
6200 	 1052.00 	475.181104       0 	 	0.000000 	0.000000 	0.000000 
6208 	 1056.00 	473.643919       0 	 	0.000000 	0.000000 	0.000000 
6216 	 1060.00 	472.103891       0 	 	0.000000 	0.000000 	0.000000 
6224 	 1064.00 	470.560704       0 	 	0.000000 	0.000000 	0.000000 
6232 	 1068.00 	469.014041       0 	 	0.000000 	0.000000 	0.000000 
6240 	 1072.00 	467.463585       0 	 	0.000000 	0.000000 	0.000000 
6248 	 1076.00 	465.909022       0 	 	0.000000 	0.000000 	0.000000 
6256 	 1080.00 	464.350064       0 	 	0.000000 	0.000000 	0.000000 
6264 	 1084.00 	462.786429       0 	 	0.000000 	0.000000 	0.000000 
6272 	 1088.00 	461.217876       0 	 	0.000000 	0.000000 	0.000000 
6280 	 1092.00 	459.644236       0 	 	0.000000 	0.000000 	0.000000 
6288 	 1096.00 	458.065363       0 	 	0.000000 	0.000000 	0.000000 
6296 	 1100.00 	456.481279       0 	 	0.000000 	0.000000 	0.000000 
6304 	 1104.00 	454.892112       0 	 	0.000000 	0.000000 	0.000000 
6312 	 1108.00 	453.298061       0 	 	0.000000 	0.000000 	0.000000 
6320 	 1112.00 	451.699525       0 	 	0.000000 	0.000000 	0.000000 
6328 	 1116.00 	450.096939       0 	 	0.000000 	0.000000 	0.000000 
6336 	 1120.00 	448.490750       0 	 	0.000000 	0.000000 	0.000000 
6344 	 1124.00 	446.881413       0 	 	0.000000 	0.000000 	0.000000 
6352 	 1128.00 	445.269362       0 	 	0.000000 	0.000000 	0.000000 
6360 	 1132.00 	443.654920       0 	 	0.000000 	0.000000 	0.000000 
6368 	 1136.00 	442.038382       0 	 	0.000000 	0.000000 	0.000000 
6376 	 1140.00 	440.419991       0 	 	0.000000 	0.000000 	0.000000 
6384 	 1144.00 	438.799923       0 	 	0.000000 	0.000000 	0.000000 
6392 	 1148.00 	437.178344       0 	 	0.000000 	0.000000 	0.000000 
6400 	 1152.00 	435.555380       0 	 	0.000000 	0.000000 	0.000000 
6408 	 1156.00 	433.931143       0 	 	0.000000 	0.000000 	0.000000 
6416 	 1160.00 	432.305733       0 	 	0.000000 	0.000000 	0.000000 
6424 	 1164.00 	430.679224       0 	 	0.000000 	0.000000 	0.000000 
6432 	 1168.00 	429.051684       0 	 	0.000000 	0.000000 	0.000000 
6440 	 1172.00 	427.423142       0 	 	0.000000 	0.000000 	0.000000 
6448 	 1176.00 	425.793604       0 	 	0.000000 	0.000000 	0.000000 
6456 	 1180.00 	424.163043       0 	 	0.000000 	0.000000 	0.000000 
6464 	 1184.00 	422.531346       0 	 	0.000000 	0.000000 	0.000000 
6472 	 1188.00 	420.898380       0 	 	0.000000 	0.000000 	0.000000 
6480 	 1192.00 	419.263909       0 	 	0.000000 	0.000000 	0.000000 
6488 	 1196.00 	417.627615       0 	 	0.000000 	0.000000 	0.000000 
6496 	 1200.00 	415.989158       0 	 	0.000000 	0.000000 	0.000000 
6504 	 1204.00 	414.348129       0 	 	0.000000 	0.000000 	0.000000 
6512 	 1208.00 	412.704106       0 	 	0.000000 	0.000000 	0.000000 
6520 	 1212.00 	411.056730       0 	 	0.000000 	0.000000 	0.000000 
6528 	 1216.00 	409.405717       0 	 	0.000000 	0.000000 	0.000000 
6536 	 1220.00 	407.750812       0 	 	0.000000 	0.000000 	0.000000 
6544 	 1224.00 	406.091924       0 	 	0.000000 	0.000000 	0.000000 
6552 	 1228.00 	404.429020       0 	 	0.000000 	0.000000 	0.000000 
6560 	 1232.00 	402.762127       0 	 	0.000000 	0.000000 	0.000000 
6568 	 1236.00 	401.091370       0 	 	0.000000 	0.000000 	0.000000 
6576 	 1240.00 	399.416893       0 	 	0.000000 	0.000000 	0.000000 
6584 	 1244.00 	397.738899       0 	 	0.000000 	0.000000 	0.000000 
6592 	 1248.00 	396.057624       0 	 	0.000000 	0.000000 	0.000000 
6600 	 1252.00 	394.373323       0 	 	0.000000 	0.000000 	0.000000 
6608 	 1256.00 	392.686287       0 	 	0.000000 	0.000000 	0.000000 
6616 	 1260.00 	390.996814       0 	 	0.000000 	0.000000 	0.000000 
6624 	 1264.00 	389.305209       0 	 	0.000000 	0.000000 	0.000000 
6632 	 1268.00 	387.611780       0 	 	0.000000 	0.000000 	0.000000 
6640 	 1272.00 	385.916830       0 	 	0.000000 	0.000000 	0.000000 
6648 	 1276.00 	384.220625       0 	 	0.000000 	0.000000 	0.000000 
6656 	 1280.00 	382.523427       0 	 	0.000000 	0.000000 	0.000000 
6664 	 1284.00 	380.825434       0 	 	0.000000 	0.000000 	0.000000 
6672 	 1288.00 	379.126787       0 	 	0.000000 	0.000000 	0.000000 
6680 	 1292.00 	377.427597       0 	 	0.000000 	0.000000 	0.000000 
6688 	 1296.00 	375.727850       0 	 	0.000000 	0.000000 	0.000000 
6696 	 1300.00 	374.027488       0 	 	0.000000 	0.000000 	0.000000 
6704 	 1304.00 	372.326401       0 	 	0.000000 	0.000000 	0.000000 
6712 	 1308.00 	370.624391       0 	 	0.000000 	0.000000 	0.000000 
6720 	 1312.00 	368.921255       0 	 	0.000000 	0.000000 	0.000000 
6728 	 1316.00 	367.216792       0 	 	0.000000 	0.000000 	0.000000 
6736 	 1320.00 	365.510805       0 	 	0.000000 	0.000000 	0.000000 
6744 	 1324.00 	363.803111       0 	 	0.000000 	0.000000 	0.000000 
6752 	 1328.00 	362.093562       0 	 	0.000000 	0.000000 	0.000000 
6760 	 1332.00 	360.382015       0 	 	0.000000 	0.000000 	0.000000 
6768 	 1336.00 	358.668338       0 	 	0.000000 	0.000000 	0.000000 
6776 	 1340.00 	356.952403       0 	 	0.000000 	0.000000 	0.000000 
6784 	 1344.00 	355.234093       0 	 	0.000000 	0.000000 	0.000000 
6792 	 1348.00 	353.513316       0 	 	0.000000 	0.000000 	0.000000 
6800 	 1352.00 	351.789988       0 	 	0.000000 	0.000000 	0.000000 
6808 	 1356.00 	350.064061       0 	 	0.000000 	0.000000 	0.000000 
6816 	 1360.00 	348.335525       0 	 	0.000000 	0.000000 	0.000000 
6824 	 1364.00 	346.604381       0 	 	0.000000 	0.000000 	0.000000 
6832 	 1368.00 	344.870687       0 	 	0.000000 	0.000000 	0.000000 
6840 	 1372.00 	343.134519       0 	 	0.000000 	0.000000 	0.000000 
6848 	 1376.00 	341.395981       0 	 	0.000000 	0.000000 	0.000000 
6856 	 1380.00 	339.655220       0 	 	0.000000 	0.000000 	0.000000 
6864 	 1384.00 	337.912391       0 	 	0.000000 	0.000000 	0.000000 
6872 	 1388.00 	336.167686       0 	 	0.000000 	0.000000 	0.000000 
6880 	 1392.00 	334.421314       0 	 	0.000000 	0.000000 	0.000000 
6888 	 1396.00 	332.673493       0 	 	0.000000 	0.000000 	0.000000 
6896 	 1400.00 	330.924459       0 	 	0.000000 	0.000000 	0.000000 
6904 	 1404.00 	329.174448       0 	 	0.000000 	0.000000 	0.000000 
6912 	 1408.00 	327.423705       0 	 	0.000000 	0.000000 	0.000000 
6920 	 1412.00 	325.672471       0 	 	0.000000 	0.000000 	0.000000 
6928 	 1416.00 	323.920993       0 	 	0.000000 	0.000000 	0.000000 
6936 	 1420.00 	322.169519       0 	 	0.000000 	0.000000 	0.000000 
6944 	 1424.00 	320.418293       0 	 	0.000000 	0.000000 	0.000000 
6952 	 1428.00 	318.667505       0 	 	0.000000 	0.000000 	0.000000 
6960 	 1432.00 	316.917297       0 	 	0.000000 	0.000000 	0.000000 
6968 	 1436.00 	315.167768       0 	 	0.000000 	0.000000 	0.000000 
6976 	 1440.00 	313.418844       0 	 	0.000000 	0.000000 	0.000000 
6984 	 1444.00 	311.670400       0 	 	0.000000 	0.000000 	0.000000 
6992 	 1448.00 	309.922211       0 	 	0.000000 	0.000000 	0.000000 
7000 	 1452.00 	308.173925       0 	 	0.000000 	0.000000 	0.000000 
7008 	 1456.00 	306.425169       0 	 	0.000000 	0.000000 	0.000000 
7016 	 1460.00 	304.675495       0 	 	0.000000 	0.000000 	0.000000 
7024 	 1464.00 	302.924421       0 	 	0.000000 	0.000000 	0.000000 
7032 	 1468.00 	301.171465       0 	 	0.000000 	0.000000 	0.000000 
7040 	 1472.00 	299.416135       0 	 	0.000000 	0.000000 	0.000000 
7048 	 1476.00 	297.657943       0 	 	0.000000 	0.000000 	0.000000 
7056 	 1480.00 	295.896448       0 	 	0.000000 	0.000000 	0.000000 
7064 	 1484.00 	294.131233       0 	 	0.000000 	0.000000 	0.000000 
7072 	 1488.00 	292.361921       0 	 	0.000000 	0.000000 	0.000000 
7080 	 1492.00 	290.588236       0 	 	0.000000 	0.000000 	0.000000 
7088 	 1496.00 	288.809926       0 	 	0.000000 	0.000000 	0.000000 
7096 	 1500.00 	287.026855       0 	 	0.000000 	0.000000 	0.000000 
7104 	 1504.00 	285.238981       0 	 	0.000000 	0.000000 	0.000000 
7112 	 1508.00 	283.446309       0 	 	0.000000 	0.000000 	0.000000 
7120 	 1512.00 	281.649006       0 	 	0.000000 	0.000000 	0.000000 
7128 	 1516.00 	279.847283       0 	 	0.000000 	0.000000 	0.000000 
7136 	 1520.00 	278.041453       0 	 	0.000000 	0.000000 	0.000000 
7144 	 1524.00 	276.231950       0 	 	0.000000 	0.000000 	0.000000 
7152 	 1528.00 	274.419235       0 	 	0.000000 	0.000000 	0.000000 
7160 	 1532.00 	272.603874       0 	 	0.000000 	0.000000 	0.000000 
7168 	 1536.00 	270.786471       0 	 	0.000000 	0.000000 	0.000000 
7176 	 1540.00 	268.967628       0 	 	0.000000 	0.000000 	0.000000 
7184 	 1544.00 	267.147939       0 	 	0.000000 	0.000000 	0.000000 
7192 	 1548.00 	265.327987       0 	 	0.000000 	0.000000 	0.000000 
7200 	 1552.00 	263.508264       0 	 	0.000000 	0.000000 	0.000000 
7208 	 1556.00 	261.689214       0 	 	0.000000 	0.000000 	0.000000 
7216 	 1560.00 	259.871237       0 	 	0.000000 	0.000000 	0.000000 
7224 	 1564.00 	258.054628       0 	 	0.000000 	0.000000 	0.000000 
7232 	 1568.00 	256.239663       0 	 	0.000000 	0.000000 	0.000000 
7240 	 1572.00 	254.426541       0 	 	0.000000 	0.000000 	0.000000 
7248 	 1576.00 	252.615409       0 	 	0.000000 	0.000000 	0.000000 
7256 	 1580.00 	250.806384       0 	 	0.000000 	0.000000 	0.000000 
7264 	 1584.00 	248.999500       0 	 	0.000000 	0.000000 	0.000000 
7272 	 1588.00 	247.194770       0 	 	0.000000 	0.000000 	0.000000 
7280 	 1592.00 	245.392139       0 	 	0.000000 	0.000000 	0.000000 
7288 	 1596.00 	243.591483       0 	 	0.000000 	0.000000 	0.000000 
7296 	 1600.00 	241.792651       0 	 	0.000000 	0.000000 	0.000000 
7304 	 1604.00 	239.995370       0 	 	0.000000 	0.000000 	0.000000 
7312 	 1608.00 	238.199331       0 	 	0.000000 	0.000000 	0.000000 
7320 	 1612.00 	236.404137       0 	 	0.000000 	0.000000 	0.000000 
7328 	 1616.00 	234.609265       0 	 	0.000000 	0.000000 	0.000000 
7336 	 1620.00 	232.814169       0 	 	0.000000 	0.000000 	0.000000 
7344 	 1624.00 	231.018192       0 	 	0.000000 	0.000000 	0.000000 
7352 	 1628.00 	229.220623       0 	 	0.000000 	0.000000 	0.000000 
7360 	 1632.00 	227.420748       0 	 	0.000000 	0.000000 	0.000000 
7368 	 1636.00 	225.617841       0 	 	0.000000 	0.000000 	0.000000 
7376 	 1640.00 	223.811179       0 	 	0.000000 	0.000000 	0.000000 
7384 	 1644.00 	222.000104       0 	 	0.000000 	0.000000 	0.000000 
7392 	 1648.00 	220.183997       0 	 	0.000000 	0.000000 	0.000000 
7400 	 1652.00 	218.362274       0 	 	0.000000 	0.000000 	0.000000 
7408 	 1656.00 	216.534450       0 	 	0.000000 	0.000000 	0.000000 
7416 	 1660.00 	214.700066       0 	 	0.000000 	0.000000 	0.000000 
7424 	 1664.00 	212.858744       0 	 	0.000000 	0.000000 	0.000000 
7432 	 1668.00 	211.010186       0 	 	0.000000 	0.000000 	0.000000 
7440 	 1672.00 	209.154120       0 	 	0.000000 	0.000000 	0.000000 
7448 	 1676.00 	207.290387       0 	 	0.000000 	0.000000 	0.000000 
7456 	 1680.00 	205.418857       0 	 	0.000000 	0.000000 	0.000000 
7464 	 1684.00 	203.539461       0 	 	0.000000 	0.000000 	0.000000 
7472 	 1688.00 	201.652208       0 	 	0.000000 	0.000000 	0.000000 
7480 	 1692.00 	199.757125       0 	 	0.000000 	0.000000 	0.000000 
7488 	 1696.00 	197.854315       0 	 	0.000000 	0.000000 	0.000000 
7496 	 1700.00 	195.943915       0 	 	0.000000 	0.000000 	0.000000 
7504 	 1704.00 	194.026090       0 	 	0.000000 	0.000000 	0.000000 
7512 	 1708.00 	192.101058       0 	 	0.000000 	0.000000 	0.000000 
7520 	 1712.00 	190.169048       0 	 	0.000000 	0.000000 	0.000000 
7528 	 1716.00 	188.230320       0 	 	0.000000 	0.000000 	0.000000 
7536 	 1720.00 	186.285155       0 	 	0.000000 	0.000000 	0.000000 
7544 	 1724.00 	184.333857       0 	 	0.000000 	0.000000 	0.000000 
7552 	 1728.00 	182.376788       0 	 	0.000000 	0.000000 	0.000000 
7560 	 1732.00 	180.414330       0 	 	0.000000 	0.000000 	0.000000 
7568 	 1736.00 	178.446945       0 	 	0.000000 	0.000000 	0.000000 
7576 	 1740.00 	176.475169       0 	 	0.000000 	0.000000 	0.000000 
7584 	 1744.00 	174.499547       0 	 	0.000000 	0.000000 	0.000000 
7592 	 1748.00 	172.520646       0 	 	0.000000 	0.000000 	0.000000 
7600 	 1752.00 	170.539037       0 	 	0.000000 	0.000000 	0.000000 
7608 	 1756.00 	168.555230       0 	 	0.000000 	0.000000 	0.000000 
7616 	 1760.00 	166.569654       0 	 	0.000000 	0.000000 	0.000000 
7624 	 1764.00 	164.582716       0 	 	0.000000 	0.000000 	0.000000 
7632 	 1768.00 	162.594713       0 	 	0.000000 	0.000000 	0.000000 
7640 	 1772.00 	160.605894       0 	 	0.000000 	0.000000 	0.000000 
7648 	 1776.00 	158.616466       0 	 	0.000000 	0.000000 	0.000000 
7656 	 1780.00 	156.626554       0 	 	0.000000 	0.000000 	0.000000 
7664 	 1784.00 	154.636268       0 	 	0.000000 	0.000000 	0.000000 
7672 	 1788.00 	152.645647       0 	 	0.000000 	0.000000 	0.000000 
7680 	 1792.00 	150.654695       0 	 	0.000000 	0.000000 	0.000000 
7688 	 1796.00 	148.663377       0 	 	0.000000 	0.000000 	0.000000 
7696 	 1800.00 	146.671579       0 	 	0.000000 	0.000000 	0.000000 
7704 	 1804.00 	144.679164       0 	 	0.000000 	0.000000 	0.000000 
7712 	 1808.00 	142.685902       0 	 	0.000000 	0.000000 	0.000000 
7720 	 1812.00 	140.691483       0 	 	0.000000 	0.000000 	0.000000 
7728 	 1816.00 	138.695553       0 	 	0.000000 	0.000000 	0.000000 
7736 	 1820.00 	136.697583       0 	 	0.000000 	0.000000 	0.000000 
7744 	 1824.00 	134.697004       0 	 	0.000000 	0.000000 	0.000000 
7752 	 1828.00 	132.693112       0 	 	0.000000 	0.000000 	0.000000 
7760 	 1832.00 	130.685065       0 	 	0.000000 	0.000000 	0.000000 
7768 	 1836.00 	128.671992       0 	 	0.000000 	0.000000 	0.000000 
7776 	 1840.00 	126.652933       0 	 	0.000000 	0.000000 	0.000000 
7784 	 1844.00 	124.626896       0 	 	0.000000 	0.000000 	0.000000 
7792 	 1848.00 	122.592899       0 	 	0.000000 	0.000000 	0.000000 
7800 	 1852.00 	120.549980       0 	 	0.000000 	0.000000 	0.000000 
7808 	 1856.00 	118.497180       0 	 	0.000000 	0.000000 	0.000000 
7816 	 1860.00 	116.433548       0 	 	0.000000 	0.000000 	0.000000 
7824 	 1864.00 	114.358142       0 	 	0.000000 	0.000000 	0.000000 
7832 	 1868.00 	112.270018       0 	 	0.000000 	0.000000 	0.000000 
7840 	 1872.00 	110.168224       0 	 	0.000000 	0.000000 	0.000000 
7848 	 1876.00 	108.051813       0 	 	0.000000 	0.000000 	0.000000 
7856 	 1880.00 	105.919852       0 	 	0.000000 	0.000000 	0.000000 
7864 	 1884.00 	103.771423       0 	 	0.000000 	0.000000 	0.000000 
7872 	 1888.00 	101.605617       0 	 	0.000000 	0.000000 	0.000000 
7880 	 1892.00 	99.421568       0 	 	0.000000 	0.000000 	0.000000 
7888 	 1896.00 	97.218418       0 	 	0.000000 	0.000000 	0.000000 
7896 	 1900.00 	94.995346       0 	 	0.000000 	0.000000 	0.000000 
7904 	 1904.00 	92.751567       0 	 	0.000000 	0.000000 	0.000000 
7912 	 1908.00 	90.486311       0 	 	0.000000 	0.000000 	0.000000 
7920 	 1912.00 	88.198882       0 	 	0.000000 	0.000000 	0.000000 
7928 	 1916.00 	85.888606       0 	 	0.000000 	0.000000 	0.000000 
7936 	 1920.00 	83.554885       0 	 	0.000000 	0.000000 	0.000000 
7944 	 1924.00 	81.197232       0 	 	0.000000 	0.000000 	0.000000 
7952 	 1928.00 	78.815204       0 	 	0.000000 	0.000000 	0.000000 
7960 	 1932.00 	76.408615       0 	 	0.000000 	0.000000 	0.000000 
7968 	 1936.00 	73.977400       0 	 	0.000000 	0.000000 	0.000000 
7976 	 1940.00 	71.521703       0 	 	0.000000 	0.000000 	0.000000 
7984 	 1944.00 	69.042097       0 	 	0.000000 	0.000000 	0.000000 
7992 	 1948.00 	66.539243       0 	 	0.000000 	0.000000 	0.000000 
8000 	 1952.00 	64.014167       0 	 	0.000000 	0.000000 	0.000000 
8008 	 1956.00 	61.468140       0 	 	0.000000 	0.000000 	0.000000 
8016 	 1960.00 	58.902483       0 	 	0.000000 	0.000000 	0.000000 
8024 	 1964.00 	56.318660       0 	 	0.000000 	0.000000 	0.000000 
8032 	 1968.00 	53.718159       0 	 	0.000000 	0.000000 	0.000000 
8040 	 1972.00 	51.102436       0 	 	0.000000 	0.000000 	0.000000 
8048 	 1976.00 	48.472915       0 	 	0.000000 	0.000000 	0.000000 
8056 	 1980.00 	45.831005       0 	 	0.000000 	0.000000 	0.000000 
8064 	 1984.00 	43.178053       0 	 	0.000000 	0.000000 	0.000000 
8072 	 1988.00 	40.515391       0 	 	0.000000 	0.000000 	0.000000 
8080 	 1992.00 	37.844328       0 	 	0.000000 	0.000000 	0.000000 
8088 	 1996.00 	35.166151       0 	 	0.000000 	0.000000 	0.000000 
8096 	 2000.00 	32.482143       0 	 	0.000000 	0.000000 	0.000000 
8104 	 2004.00 	29.793573       0 	 	0.000000 	0.000000 	0.000000 
8112 	 2008.00 	27.101710       0 	 	0.000000 	0.000000 	0.000000 
8120 	 2012.00 	24.407807       0 	 	0.000000 	0.000000 	0.000000 
8128 	 2016.00 	21.713096       0 	 	0.000000 	0.000000 	0.000000 
8136 	 2020.00 	19.018804       0 	 	0.000000 	0.000000 	0.000000 
8144 	 2024.00 	16.326110       0 	 	0.000000 	0.000000 	0.000000 
8152 	 2028.00 	13.636169       0 	 	0.000000 	0.000000 	0.000000 
8160 	 2032.00 	10.950068       0 	 	0.000000 	0.000000 	0.000000 
8168 	 2036.00 	8.268727       0 	 	0.000000 	0.000000 	0.000000 
8176 	 2040.00 	5.593035       0 	 	0.000000 	0.000000 	0.000000 
8184 	 2044.00 	2.923881       0 	 	0.000000 	0.000000 	0.000000 
8192 	 2048.00 	0.262154       0 	 	0.000000 	0.000000 	0.000000 
