#i 	E(i) 	 	log[g(E)] 	  H(E) 	 	<M> 	 	<M^2> 	 	<M^4>
#----------------------------------------------------------------------------------------------------
0 	 -1352.00 	0.000000     293547 	 	1.000000 	1.000000 	-128.403638 
16 	 -1344.00 	6.597677     280506 	 	0.997041 	0.994092 	-126.890799 
24 	 -1340.00 	7.308431     286790 	 	0.994083 	0.988201 	-125.391367 
32 	 -1336.00 	12.444077     272156 	 	0.994011 	0.988058 	-125.355259 
40 	 -1332.00 	13.848801     268774 	 	0.991050 	0.982180 	-123.868250 
48 	 -1328.00 	17.891408     283115 	 	0.990876 	0.981836 	-123.781911 
56 	 -1324.00 	19.677174     272771 	 	0.987924 	0.975994 	-122.313196 
64 	 -1320.00 	23.110784     279367 	 	0.987590 	0.975335 	-122.148719 
72 	 -1316.00 	25.106500     262134 	 	0.984726 	0.969687 	-120.738044 
80 	 -1312.00 	28.178295     261689 	 	0.984153 	0.968560 	-120.458293 
88 	 -1308.00 	30.309173     259303 	 	0.981458 	0.963263 	-119.144046 
96 	 -1304.00 	33.081930     265201 	 	0.980524 	0.961432 	-118.692861 
104 	 -1300.00 	35.301573     265871 	 	0.977975 	0.956440 	-117.463673 
112 	 -1296.00 	37.888763     267759 	 	0.976784 	0.954115 	-116.894168 
120 	 -1292.00 	40.148981     276825 	 	0.974409 	0.949481 	-115.761839 
128 	 -1288.00 	42.602162     270436 	 	0.973011 	0.946761 	-115.100613 
136 	 -1284.00 	44.891030     267990 	 	0.970861 	0.942582 	-114.086748 
144 	 -1280.00 	47.254691     268677 	 	0.969200 	0.939362 	-113.310148 
152 	 -1276.00 	49.518605     273832 	 	0.967028 	0.935160 	-112.299624 
160 	 -1272.00 	51.823506     275814 	 	0.965101 	0.931442 	-111.411337 
168 	 -1268.00 	54.059080     268053 	 	0.963012 	0.927415 	-110.449902 
176 	 -1264.00 	56.320812     268600 	 	0.961103 	0.923745 	-109.579619 
184 	 -1260.00 	58.538730     256371 	 	0.958994 	0.919696 	-108.621887 
192 	 -1256.00 	60.745602     269421 	 	0.957086 	0.916046 	-107.763001 
200 	 -1252.00 	62.934151     264879 	 	0.955014 	0.912084 	-106.833151 
208 	 -1248.00 	65.101786     270194 	 	0.952903 	0.908059 	-105.894116 
216 	 -1244.00 	67.274528     268407 	 	0.950752 	0.903968 	-104.943941 
224 	 -1240.00 	69.400875     280526 	 	0.948605 	0.899896 	-104.003230 
232 	 -1236.00 	71.541233     278954 	 	0.946392 	0.895706 	-103.038989 
240 	 -1232.00 	73.664213     274348 	 	0.944397 	0.891940 	-102.176680 
248 	 -1228.00 	75.763589     276989 	 	0.942243 	0.887880 	-101.251110 
256 	 -1224.00 	77.856444     284834 	 	0.939955 	0.883582 	-100.276417 
264 	 -1220.00 	79.956813     281595 	 	0.937603 	0.879170 	-99.279619 
272 	 -1216.00 	82.014441     288573 	 	0.935173 	0.874632 	-98.263180 
280 	 -1212.00 	84.090624     288840 	 	0.933004 	0.870583 	-97.356903 
288 	 -1208.00 	86.138283     285919 	 	0.930791 	0.866465 	-96.440786 
296 	 -1204.00 	88.171123     284474 	 	0.928373 	0.861974 	-95.446650 
304 	 -1200.00 	90.201158     293468 	 	0.926221 	0.857990 	-94.569177 
312 	 -1196.00 	92.223774     290977 	 	0.923563 	0.853082 	-93.494876 
320 	 -1192.00 	94.243872     288290 	 	0.921120 	0.848583 	-92.514340 
328 	 -1188.00 	96.249589     290880 	 	0.918261 	0.843342 	-91.382730 
336 	 -1184.00 	98.242018     289272 	 	0.915969 	0.839140 	-90.475741 
344 	 -1180.00 	100.231872     283354 	 	0.913242 	0.834174 	-89.417066 
352 	 -1176.00 	102.203725     284839 	 	0.910971 	0.830041 	-88.537853 
360 	 -1172.00 	104.168233     284936 	 	0.908304 	0.825202 	-87.514432 
368 	 -1168.00 	106.141027     285230 	 	0.905600 	0.820317 	-86.490056 
376 	 -1164.00 	108.102446     280273 	 	0.902765 	0.815211 	-85.425155 
384 	 -1160.00 	110.058430     283014 	 	0.899987 	0.810219 	-84.389501 
392 	 -1156.00 	111.995974     275716 	 	0.897492 	0.805754 	-83.469658 
400 	 -1152.00 	113.935480     280164 	 	0.894194 	0.799881 	-82.271979 
408 	 -1148.00 	115.859245     283152 	 	0.891555 	0.795191 	-81.319772 
416 	 -1144.00 	117.780147     290919 	 	0.888671 	0.790063 	-80.277074 
424 	 -1140.00 	119.697052     292389 	 	0.885094 	0.783784 	-79.031530 
432 	 -1136.00 	121.616766     287007 	 	0.882336 	0.778943 	-78.070892 
440 	 -1132.00 	123.516435     295893 	 	0.879205 	0.773465 	-76.992151 
448 	 -1128.00 	125.420160     292473 	 	0.876135 	0.768085 	-75.930102 
456 	 -1124.00 	127.315271     294492 	 	0.873060 	0.762739 	-74.889426 
464 	 -1120.00 	129.208053     291921 	 	0.869899 	0.757261 	-73.829725 
472 	 -1116.00 	131.086150     294724 	 	0.866958 	0.752198 	-72.862580 
480 	 -1112.00 	132.963862     302515 	 	0.863665 	0.746539 	-71.785190 
488 	 -1108.00 	134.838254     297836 	 	0.860771 	0.741581 	-70.847629 
496 	 -1104.00 	136.712037     302482 	 	0.857640 	0.736242 	-69.846179 
504 	 -1100.00 	138.579408     298909 	 	0.854090 	0.730256 	-68.744377 
512 	 -1096.00 	140.440657     300814 	 	0.850792 	0.724655 	-67.706121 
520 	 -1092.00 	142.295915     295858 	 	0.847542 	0.719195 	-66.710651 
528 	 -1088.00 	144.150918     294855 	 	0.843920 	0.713079 	-65.591198 
536 	 -1084.00 	145.994976     298558 	 	0.840381 	0.707171 	-64.526541 
544 	 -1080.00 	147.830563     300598 	 	0.837103 	0.701724 	-63.555174 
552 	 -1076.00 	149.659505     305309 	 	0.833089 	0.695062 	-62.373400 
560 	 -1072.00 	151.496894     300951 	 	0.829260 	0.688773 	-61.277765 
568 	 -1068.00 	153.318608     298265 	 	0.825726 	0.682964 	-60.263800 
576 	 -1064.00 	155.148898     298668 	 	0.821834 	0.676670 	-59.195208 
584 	 -1060.00 	156.968152     306107 	 	0.818082 	0.670539 	-58.139690 
592 	 -1056.00 	158.787155     302148 	 	0.813889 	0.663818 	-57.019174 
600 	 -1052.00 	160.603020     305450 	 	0.809390 	0.656626 	-55.829282 
608 	 -1048.00 	162.413887     303908 	 	0.805362 	0.650278 	-54.798959 
616 	 -1044.00 	164.223856     309514 	 	0.800547 	0.642679 	-53.570753 
624 	 -1040.00 	166.026352     308154 	 	0.795839 	0.635317 	-52.394511 
632 	 -1036.00 	167.829730     305224 	 	0.792233 	0.629689 	-51.499564 
640 	 -1032.00 	169.630431     301998 	 	0.787035 	0.621742 	-50.273281 
648 	 -1028.00 	171.424590     303931 	 	0.783193 	0.615904 	-49.383341 
656 	 -1024.00 	173.214754     302506 	 	0.778436 	0.608639 	-48.267572 
664 	 -1020.00 	174.999932     306919 	 	0.774190 	0.602109 	-47.263432 
672 	 -1016.00 	176.780589     309001 	 	0.768773 	0.594004 	-46.067425 
680 	 -1012.00 	178.559266     311105 	 	0.764088 	0.587223 	-45.107018 
688 	 -1008.00 	180.341805     312018 	 	0.759051 	0.579673 	-43.998396 
696 	 -1004.00 	182.113260     306762 	 	0.753799 	0.571993 	-42.921039 
704 	 -1000.00 	183.880230     312758 	 	0.747614 	0.563396 	-41.770464 
712 	 -996.00 	185.650665     306343 	 	0.742454 	0.555854 	-40.721860 
720 	 -992.00 	187.419589     302514 	 	0.736512 	0.547546 	-39.615077 
728 	 -988.00 	189.188227     307678 	 	0.730925 	0.539539 	-38.516447 
736 	 -984.00 	190.965763     303062 	 	0.724410 	0.530840 	-37.434470 
744 	 -980.00 	192.733126     302281 	 	0.718985 	0.523181 	-36.423872 
752 	 -976.00 	194.482758     302181 	 	0.711927 	0.513693 	-35.233133 
760 	 -972.00 	196.243805     302500 	 	0.704967 	0.504642 	-34.135483 
768 	 -968.00 	198.000972     300756 	 	0.696991 	0.494294 	-32.906210 
776 	 -964.00 	199.758871     298126 	 	0.689577 	0.484884 	-31.822143 
784 	 -960.00 	201.504479     299422 	 	0.682199 	0.475768 	-30.791069 
792 	 -956.00 	203.255819     296455 	 	0.671606 	0.463252 	-29.445943 
800 	 -952.00 	204.997935     301661 	 	0.662668 	0.452039 	-28.205756 
808 	 -948.00 	206.745100     305105 	 	0.652664 	0.440622 	-27.042650 
816 	 -944.00 	208.493625     301215 	 	0.643012 	0.429427 	-25.891340 
824 	 -940.00 	210.235438     310101 	 	0.634319 	0.419225 	-24.853787 
832 	 -936.00 	211.981131     308704 	 	0.626223 	0.409784 	-23.874382 
840 	 -932.00 	213.720069     309575 	 	0.615186 	0.397325 	-22.670729 
848 	 -928.00 	215.460572     308153 	 	0.606654 	0.387800 	-21.774186 
856 	 -924.00 	217.189005     314096 	 	0.594920 	0.375335 	-20.662736 
864 	 -920.00 	218.917644     308359 	 	0.584932 	0.364938 	-19.729411 
872 	 -916.00 	220.656100     312736 	 	0.573605 	0.352694 	-18.649618 
880 	 -912.00 	222.394335     306934 	 	0.564001 	0.342749 	-17.787125 
888 	 -908.00 	224.127113     304177 	 	0.552860 	0.331804 	-16.888277 
896 	 -904.00 	225.852321     304692 	 	0.543109 	0.321824 	-16.066948 
904 	 -900.00 	227.579592     306277 	 	0.532020 	0.310894 	-15.189856 
912 	 -896.00 	229.308860     303163 	 	0.520653 	0.299904 	-14.325688 
920 	 -892.00 	231.026861     301695 	 	0.511534 	0.290575 	-13.582796 
928 	 -888.00 	232.752569     299078 	 	0.500650 	0.279893 	-12.769060 
936 	 -884.00 	234.467338     303080 	 	0.489707 	0.269506 	-11.996134 
944 	 -880.00 	236.188247     299338 	 	0.478391 	0.258660 	-11.210529 
952 	 -876.00 	237.905014     296900 	 	0.466536 	0.248112 	-10.483477 
960 	 -872.00 	239.620031     294431 	 	0.456261 	0.238964 	-9.862261 
968 	 -868.00 	241.324614     297394 	 	0.444115 	0.228292 	-9.179071 
976 	 -864.00 	243.034287     296876 	 	0.435510 	0.220318 	-8.642076 
984 	 -860.00 	244.743463     290138 	 	0.426906 	0.213010 	-8.179402 
992 	 -856.00 	246.444721     293191 	 	0.415655 	0.203873 	-7.648516 
1000 	 -852.00 	248.142949     291254 	 	0.407751 	0.196950 	-7.209307 
1008 	 -848.00 	249.844088     289297 	 	0.399153 	0.189677 	-6.750058 
1016 	 -844.00 	251.538516     285614 	 	0.394046 	0.185440 	-6.502863 
1024 	 -840.00 	253.231027     282485 	 	0.384210 	0.177768 	-6.079976 
1032 	 -836.00 	254.917206     281200 	 	0.373911 	0.169946 	-5.660010 
1040 	 -832.00 	256.598275     281195 	 	0.365919 	0.163451 	-5.288597 
1048 	 -828.00 	258.287190     280128 	 	0.358899 	0.158221 	-5.017860 
1056 	 -824.00 	259.965325     274085 	 	0.352822 	0.153633 	-4.782586 
1064 	 -820.00 	261.640745     273358 	 	0.343420 	0.147319 	-4.484317 
1072 	 -816.00 	263.312912     269477 	 	0.333854 	0.140075 	-4.118427 
1080 	 -812.00 	264.982174     267368 	 	0.328267 	0.136068 	-3.930696 
1088 	 -808.00 	266.647425     262993 	 	0.320430 	0.130508 	-3.670757 
1096 	 -804.00 	268.309333     263391 	 	0.311798 	0.125081 	-3.448989 
1104 	 -800.00 	269.962601     266459 	 	0.303022 	0.118866 	-3.162842 
1112 	 -796.00 	271.622360     259650 	 	0.297032 	0.114996 	-3.001894 
1120 	 -792.00 	273.269981     258597 	 	0.288652 	0.109751 	-2.783529 
1128 	 -788.00 	274.919628     253685 	 	0.285604 	0.107833 	-2.701273 
1136 	 -784.00 	276.557048     258208 	 	0.278670 	0.103008 	-2.496674 
1144 	 -780.00 	278.204759     256663 	 	0.271638 	0.098362 	-2.304440 
1152 	 -776.00 	279.839982     256946 	 	0.265381 	0.094677 	-2.164935 
1160 	 -772.00 	281.474542     258848 	 	0.258425 	0.090267 	-1.996884 
1168 	 -768.00 	283.106497     257878 	 	0.251653 	0.085680 	-1.816531 
1176 	 -764.00 	284.730198     257704 	 	0.246550 	0.082662 	-1.714518 
1184 	 -760.00 	286.350946     260875 	 	0.240100 	0.078858 	-1.580057 
1192 	 -756.00 	287.967999     260558 	 	0.233982 	0.075350 	-1.459047 
1200 	 -752.00 	289.580685     258128 	 	0.229363 	0.072527 	-1.364261 
1208 	 -748.00 	291.187039     259935 	 	0.225070 	0.070191 	-1.289308 
1216 	 -744.00 	292.796622     257953 	 	0.220938 	0.067982 	-1.219992 
1224 	 -740.00 	294.392685     255755 	 	0.217834 	0.066152 	-1.159989 
1232 	 -736.00 	295.980456     259873 	 	0.214762 	0.064496 	-1.110358 
1240 	 -732.00 	297.568207     255071 	 	0.211226 	0.062931 	-1.076406 
1248 	 -728.00 	299.154656     253171 	 	0.207817 	0.061014 	-1.015916 
1256 	 -724.00 	300.735373     251155 	 	0.201277 	0.057683 	-0.925974 
1264 	 -720.00 	302.307844     255397 	 	0.197464 	0.055675 	-0.868600 
1272 	 -716.00 	303.878200     257789 	 	0.192810 	0.053120 	-0.792453 
1280 	 -712.00 	305.438886     260737 	 	0.189231 	0.051327 	-0.743645 
1288 	 -708.00 	306.994981     260938 	 	0.187413 	0.050223 	-0.710759 
1296 	 -704.00 	308.560057     254608 	 	0.183018 	0.048255 	-0.667262 
1304 	 -700.00 	310.108971     256617 	 	0.181896 	0.047578 	-0.649427 
1312 	 -696.00 	311.654112     258987 	 	0.178038 	0.045662 	-0.601666 
1320 	 -692.00 	313.191848     257685 	 	0.174437 	0.043788 	-0.555132 
1328 	 -688.00 	314.725133     259331 	 	0.172401 	0.042865 	-0.534951 
1336 	 -684.00 	316.257311     256065 	 	0.168575 	0.041152 	-0.494350 
1344 	 -680.00 	317.782716     259527 	 	0.164601 	0.039378 	-0.457695 
1352 	 -676.00 	319.301976     261549 	 	0.161745 	0.038209 	-0.435447 
1360 	 -672.00 	320.814935     257660 	 	0.158645 	0.036908 	-0.410662 
1368 	 -668.00 	322.330079     255495 	 	0.156149 	0.035854 	-0.389366 
1376 	 -664.00 	323.842586     253959 	 	0.152444 	0.034389 	-0.361724 
1384 	 -660.00 	325.346201     256679 	 	0.149782 	0.033224 	-0.337398 
1392 	 -656.00 	326.840144     255555 	 	0.147717 	0.032362 	-0.322831 
1400 	 -652.00 	328.329879     257827 	 	0.145884 	0.031603 	-0.308727 
1408 	 -648.00 	329.812432     261721 	 	0.145045 	0.031195 	-0.300217 
1416 	 -644.00 	331.286513     261482 	 	0.141395 	0.029835 	-0.280654 
1424 	 -640.00 	332.764098     257737 	 	0.140130 	0.029104 	-0.263906 
1432 	 -636.00 	334.231870     254965 	 	0.137583 	0.028344 	-0.255944 
1440 	 -632.00 	335.695534     252461 	 	0.135692 	0.027662 	-0.245656 
1448 	 -628.00 	337.157548     253083 	 	0.133594 	0.026812 	-0.231411 
1456 	 -624.00 	338.607607     255079 	 	0.131777 	0.026178 	-0.221932 
1464 	 -620.00 	340.052299     252758 	 	0.128749 	0.025099 	-0.205464 
1472 	 -616.00 	341.493427     250776 	 	0.126908 	0.024475 	-0.196857 
1480 	 -612.00 	342.921465     251990 	 	0.124572 	0.023589 	-0.184086 
1488 	 -608.00 	344.350160     252303 	 	0.123804 	0.023297 	-0.179786 
1496 	 -604.00 	345.769127     256246 	 	0.121561 	0.022491 	-0.168996 
1504 	 -600.00 	347.187507     256088 	 	0.120822 	0.022335 	-0.168535 
1512 	 -596.00 	348.598916     257304 	 	0.119632 	0.021777 	-0.159350 
1520 	 -592.00 	350.002855     255506 	 	0.118287 	0.021283 	-0.151851 
1528 	 -588.00 	351.402780     253597 	 	0.117702 	0.021044 	-0.149032 
1536 	 -584.00 	352.791004     257017 	 	0.116285 	0.020575 	-0.143568 
1544 	 -580.00 	354.177067     256335 	 	0.114287 	0.019995 	-0.137771 
1552 	 -576.00 	355.551262     258662 	 	0.112985 	0.019585 	-0.131989 
1560 	 -572.00 	356.922223     257956 	 	0.111622 	0.019141 	-0.126393 
1568 	 -568.00 	358.288380     255195 	 	0.110201 	0.018744 	-0.122183 
1576 	 -564.00 	359.647502     253384 	 	0.108100 	0.018095 	-0.115117 
1584 	 -560.00 	361.001954     252706 	 	0.106458 	0.017603 	-0.108720 
1592 	 -556.00 	362.350245     248506 	 	0.104320 	0.016954 	-0.101107 
1600 	 -552.00 	363.686481     250123 	 	0.102633 	0.016420 	-0.094991 
1608 	 -548.00 	365.026047     250487 	 	0.101114 	0.015959 	-0.090614 
1616 	 -544.00 	366.351905     252210 	 	0.099301 	0.015474 	-0.086141 
1624 	 -540.00 	367.667945     252946 	 	0.098075 	0.015032 	-0.081121 
1632 	 -536.00 	368.973503     256415 	 	0.096310 	0.014519 	-0.075888 
1640 	 -532.00 	370.281193     253788 	 	0.095202 	0.014093 	-0.070695 
1648 	 -528.00 	371.574720     254458 	 	0.094723 	0.013948 	-0.069751 
1656 	 -524.00 	372.870090     250717 	 	0.094066 	0.013767 	-0.068048 
1664 	 -520.00 	374.155802     250742 	 	0.092978 	0.013458 	-0.065377 
1672 	 -516.00 	375.437870     247903 	 	0.092325 	0.013197 	-0.062207 
1680 	 -512.00 	376.709385     248887 	 	0.091447 	0.013012 	-0.061604 
1688 	 -508.00 	377.976277     248699 	 	0.090957 	0.012809 	-0.058922 
1696 	 -504.00 	379.231844     250356 	 	0.089672 	0.012387 	-0.054316 
1704 	 -500.00 	380.478521     250929 	 	0.089195 	0.012241 	-0.053302 
1712 	 -496.00 	381.721822     252430 	 	0.088297 	0.011966 	-0.050717 
1720 	 -492.00 	382.960349     249929 	 	0.086535 	0.011526 	-0.047200 
1728 	 -488.00 	384.188369     247696 	 	0.085253 	0.011180 	-0.044296 
1736 	 -484.00 	385.413610     246849 	 	0.084125 	0.010843 	-0.041555 
1744 	 -480.00 	386.626801     244881 	 	0.083120 	0.010558 	-0.039158 
1752 	 -476.00 	387.827139     243078 	 	0.081716 	0.010264 	-0.037335 
1760 	 -472.00 	389.027165     241019 	 	0.079865 	0.009833 	-0.034700 
1768 	 -468.00 	390.212783     241139 	 	0.078914 	0.009628 	-0.033248 
1776 	 -464.00 	391.397972     241201 	 	0.078211 	0.009442 	-0.031939 
1784 	 -460.00 	392.574155     239361 	 	0.077016 	0.009150 	-0.029920 
1792 	 -456.00 	393.741333     239347 	 	0.075795 	0.008877 	-0.028313 
1800 	 -452.00 	394.904246     240602 	 	0.075375 	0.008773 	-0.027603 
1808 	 -448.00 	396.051649     242151 	 	0.074503 	0.008597 	-0.026666 
1816 	 -444.00 	397.198162     244671 	 	0.073583 	0.008401 	-0.025297 
1824 	 -440.00 	398.333370     243756 	 	0.073331 	0.008306 	-0.024627 
1832 	 -436.00 	399.462002     241846 	 	0.072565 	0.008136 	-0.023841 
1840 	 -432.00 	400.588810     242842 	 	0.071070 	0.007849 	-0.022492 
1848 	 -428.00 	401.701775     242470 	 	0.070837 	0.007804 	-0.022299 
1856 	 -424.00 	402.807793     244062 	 	0.070551 	0.007727 	-0.021781 
1864 	 -420.00 	403.899811     244580 	 	0.069379 	0.007476 	-0.020399 
1872 	 -416.00 	404.990935     244065 	 	0.069035 	0.007424 	-0.020548 
1880 	 -412.00 	406.070978     243917 	 	0.068018 	0.007235 	-0.019721 
1888 	 -408.00 	407.144081     244629 	 	0.067480 	0.007064 	-0.018425 
1896 	 -404.00 	408.213156     244198 	 	0.066976 	0.006952 	-0.017769 
1904 	 -400.00 	409.269566     242866 	 	0.065884 	0.006725 	-0.016708 
1912 	 -396.00 	410.317246     243834 	 	0.065401 	0.006625 	-0.016294 
1920 	 -392.00 	411.361309     242773 	 	0.064842 	0.006508 	-0.015670 
1928 	 -388.00 	412.390141     245004 	 	0.064012 	0.006364 	-0.015015 
1936 	 -384.00 	413.410846     248455 	 	0.064139 	0.006377 	-0.015007 
1944 	 -380.00 	414.421777     248003 	 	0.063392 	0.006224 	-0.014241 
1952 	 -376.00 	415.422569     248368 	 	0.062551 	0.006053 	-0.013433 
1960 	 -372.00 	416.412932     245906 	 	0.062181 	0.005956 	-0.012899 
1968 	 -368.00 	417.402831     245804 	 	0.061326 	0.005824 	-0.012460 
1976 	 -364.00 	418.385033     244331 	 	0.060858 	0.005729 	-0.011915 
1984 	 -360.00 	419.359434     244625 	 	0.060430 	0.005616 	-0.011428 
1992 	 -356.00 	420.327956     242170 	 	0.059906 	0.005559 	-0.011343 
2000 	 -352.00 	421.280323     242462 	 	0.059565 	0.005508 	-0.011238 
2008 	 -348.00 	422.229419     242528 	 	0.059033 	0.005391 	-0.010691 
2016 	 -344.00 	423.164142     244845 	 	0.058368 	0.005266 	-0.010206 
2024 	 -340.00 	424.091576     243681 	 	0.057574 	0.005144 	-0.009872 
2032 	 -336.00 	425.010858     241141 	 	0.057206 	0.005070 	-0.009430 
2040 	 -332.00 	425.920495     241471 	 	0.056799 	0.004970 	-0.009055 
2048 	 -328.00 	426.816744     242871 	 	0.056761 	0.004945 	-0.008900 
2056 	 -324.00 	427.703532     243506 	 	0.056449 	0.004898 	-0.008742 
2064 	 -320.00 	428.583157     246197 	 	0.055614 	0.004764 	-0.008324 
2072 	 -316.00 	429.450119     246144 	 	0.055346 	0.004728 	-0.008122 
2080 	 -312.00 	430.311062     247293 	 	0.054528 	0.004609 	-0.007827 
2088 	 -308.00 	431.161122     247438 	 	0.054408 	0.004589 	-0.007750 
2096 	 -304.00 	432.004020     248254 	 	0.054175 	0.004543 	-0.007555 
2104 	 -300.00 	432.839912     247889 	 	0.053515 	0.004446 	-0.007285 
2112 	 -296.00 	433.663017     245978 	 	0.052952 	0.004342 	-0.006933 
2120 	 -292.00 	434.471402     247416 	 	0.052215 	0.004227 	-0.006612 
2128 	 -288.00 	435.276226     245802 	 	0.051610 	0.004139 	-0.006384 
2136 	 -284.00 	436.070784     248857 	 	0.051243 	0.004087 	-0.006251 
2144 	 -280.00 	436.853995     247254 	 	0.050678 	0.004010 	-0.006082 
2152 	 -276.00 	437.631257     249376 	 	0.050411 	0.003951 	-0.005849 
2160 	 -272.00 	438.399876     250729 	 	0.050029 	0.003908 	-0.005813 
2168 	 -268.00 	439.158535     247561 	 	0.049741 	0.003854 	-0.005628 
2176 	 -264.00 	439.901487     248284 	 	0.049342 	0.003790 	-0.005461 
2184 	 -260.00 	440.637593     250654 	 	0.048824 	0.003733 	-0.005337 
2192 	 -256.00 	441.361826     249743 	 	0.048518 	0.003677 	-0.005110 
2200 	 -252.00 	442.075712     249950 	 	0.048055 	0.003598 	-0.004881 
2208 	 -248.00 	442.778079     249555 	 	0.047649 	0.003545 	-0.004723 
2216 	 -244.00 	443.476172     248612 	 	0.047364 	0.003506 	-0.004637 
2224 	 -240.00 	444.155560     249402 	 	0.047134 	0.003472 	-0.004549 
2232 	 -236.00 	444.829524     251717 	 	0.046740 	0.003413 	-0.004418 
2240 	 -232.00 	445.493350     252392 	 	0.046394 	0.003354 	-0.004238 
2248 	 -228.00 	446.147204     252758 	 	0.046373 	0.003356 	-0.004226 
2256 	 -224.00 	446.787701     253509 	 	0.045618 	0.003253 	-0.003979 
2264 	 -220.00 	447.418938     253801 	 	0.045360 	0.003212 	-0.003877 
2272 	 -216.00 	448.043986     253418 	 	0.044965 	0.003154 	-0.003708 
2280 	 -212.00 	448.650800     253235 	 	0.044548 	0.003100 	-0.003595 
2288 	 -208.00 	449.252179     251877 	 	0.044023 	0.003020 	-0.003409 
2296 	 -204.00 	449.840683     252626 	 	0.043537 	0.002964 	-0.003344 
2304 	 -200.00 	450.416271     253372 	 	0.043087 	0.002905 	-0.003191 
2312 	 -196.00 	450.983477     254470 	 	0.042603 	0.002839 	-0.003066 
2320 	 -192.00 	451.539997     252929 	 	0.042535 	0.002822 	-0.002997 
2328 	 -188.00 	452.086501     252759 	 	0.042140 	0.002771 	-0.002903 
2336 	 -184.00 	452.625755     251181 	 	0.041853 	0.002734 	-0.002828 
2344 	 -180.00 	453.147187     253104 	 	0.041574 	0.002699 	-0.002743 
2352 	 -176.00 	453.658415     255698 	 	0.041249 	0.002654 	-0.002647 
2360 	 -172.00 	454.162525     256040 	 	0.040941 	0.002624 	-0.002600 
2368 	 -168.00 	454.659153     256098 	 	0.040585 	0.002571 	-0.002484 
2376 	 -164.00 	455.142890     255937 	 	0.040213 	0.002530 	-0.002405 
2384 	 -160.00 	455.613387     256702 	 	0.039740 	0.002474 	-0.002301 
2392 	 -156.00 	456.070856     257487 	 	0.039351 	0.002428 	-0.002230 
2400 	 -152.00 	456.521563     257079 	 	0.039138 	0.002395 	-0.002168 
2408 	 -148.00 	456.959296     257600 	 	0.038851 	0.002366 	-0.002117 
2416 	 -144.00 	457.384428     258528 	 	0.038520 	0.002329 	-0.002053 
2424 	 -140.00 	457.798033     257699 	 	0.038258 	0.002294 	-0.001994 
2432 	 -136.00 	458.199756     258369 	 	0.038117 	0.002277 	-0.001957 
2440 	 -132.00 	458.588232     257759 	 	0.037807 	0.002233 	-0.001854 
2448 	 -128.00 	458.969860     256640 	 	0.037512 	0.002194 	-0.001788 
2456 	 -124.00 	459.337213     258091 	 	0.037115 	0.002152 	-0.001723 
2464 	 -120.00 	459.699793     256559 	 	0.036843 	0.002123 	-0.001693 
2472 	 -116.00 	460.040289     258787 	 	0.036689 	0.002105 	-0.001668 
2480 	 -112.00 	460.377798     256303 	 	0.036422 	0.002075 	-0.001626 
2488 	 -108.00 	460.702124     255034 	 	0.035993 	0.002026 	-0.001554 
2496 	 -104.00 	461.015708     254267 	 	0.035823 	0.002012 	-0.001545 
2504 	 -100.00 	461.314568     253716 	 	0.035715 	0.002001 	-0.001523 
2512 	 -96.00 	461.601056     253251 	 	0.035366 	0.001959 	-0.001451 
2520 	 -92.00 	461.880026     252394 	 	0.035145 	0.001934 	-0.001413 
2528 	 -88.00 	462.145624     253588 	 	0.034876 	0.001902 	-0.001364 
2536 	 -84.00 	462.399539     251783 	 	0.034593 	0.001874 	-0.001328 
2544 	 -80.00 	462.640892     251881 	 	0.034359 	0.001851 	-0.001300 
2552 	 -76.00 	462.869246     252754 	 	0.034300 	0.001840 	-0.001279 
2560 	 -72.00 	463.090602     252091 	 	0.034044 	0.001816 	-0.001253 
2568 	 -68.00 	463.296573     253165 	 	0.033818 	0.001792 	-0.001217 
2576 	 -64.00 	463.489554     251924 	 	0.033675 	0.001774 	-0.001185 
2584 	 -60.00 	463.673940     251885 	 	0.033432 	0.001750 	-0.001161 
2592 	 -56.00 	463.847140     252094 	 	0.033202 	0.001723 	-0.001118 
2600 	 -52.00 	464.006667     252028 	 	0.033023 	0.001700 	-0.001079 
2608 	 -48.00 	464.154226     250984 	 	0.032929 	0.001689 	-0.001066 
2616 	 -44.00 	464.288023     250013 	 	0.032707 	0.001666 	-0.001041 
2624 	 -40.00 	464.413342     250621 	 	0.032464 	0.001650 	-0.001039 
2632 	 -36.00 	464.526518     250416 	 	0.032318 	0.001640 	-0.001030 
2640 	 -32.00 	464.630687     248488 	 	0.031871 	0.001603 	-0.001004 
2648 	 -28.00 	464.721065     247552 	 	0.031825 	0.001600 	-0.001004 
2656 	 -24.00 	464.797552     247207 	 	0.031672 	0.001581 	-0.000970 
2664 	 -20.00 	464.863811     248672 	 	0.031506 	0.001568 	-0.000957 
2672 	 -16.00 	464.917493     249368 	 	0.031284 	0.001549 	-0.000936 
2680 	 -12.00 	464.960037     247834 	 	0.031140 	0.001534 	-0.000919 
2688 	  -8.00 	464.987427     248483 	 	0.031073 	0.001524 	-0.000906 
2696 	  -4.00 	465.004238     249442 	 	0.030973 	0.001508 	-0.000879 
2704 	   0.00 	465.011572     249077 	 	0.030823 	0.001491 	-0.000858 
2712 	   4.00 	465.005297     249551 	 	0.030576 	0.001466 	-0.000829 
2720 	   8.00 	464.988014     249423 	 	0.030331 	0.001442 	-0.000803 
2728 	  12.00 	464.956411     250512 	 	0.030056 	0.001420 	-0.000777 
2736 	  16.00 	464.916472     251154 	 	0.030018 	0.001415 	-0.000771 
2744 	  20.00 	464.863582     250421 	 	0.029850 	0.001398 	-0.000756 
2752 	  24.00 	464.797011     252872 	 	0.029672 	0.001381 	-0.000737 
2760 	  28.00 	464.717291     253246 	 	0.029456 	0.001358 	-0.000706 
2768 	  32.00 	464.631343     252906 	 	0.029288 	0.001343 	-0.000688 
2776 	  36.00 	464.530846     253216 	 	0.029090 	0.001326 	-0.000676 
2784 	  40.00 	464.419652     252529 	 	0.028910 	0.001310 	-0.000657 
2792 	  44.00 	464.297612     253927 	 	0.028741 	0.001296 	-0.000648 
2800 	  48.00 	464.160601     253237 	 	0.028598 	0.001288 	-0.000643 
2808 	  52.00 	464.012800     251296 	 	0.028413 	0.001271 	-0.000625 
2816 	  56.00 	463.851317     252093 	 	0.028326 	0.001264 	-0.000619 
2824 	  60.00 	463.678554     251958 	 	0.028145 	0.001242 	-0.000590 
2832 	  64.00 	463.494757     253224 	 	0.027923 	0.001223 	-0.000572 
2840 	  68.00 	463.301472     251599 	 	0.027801 	0.001215 	-0.000563 
2848 	  72.00 	463.096116     249646 	 	0.027724 	0.001205 	-0.000554 
2856 	  76.00 	462.877435     249903 	 	0.027587 	0.001190 	-0.000536 
2864 	  80.00 	462.647188     247666 	 	0.027292 	0.001167 	-0.000519 
2872 	  84.00 	462.404923     247827 	 	0.027250 	0.001167 	-0.000519 
2880 	  88.00 	462.151921     247987 	 	0.027186 	0.001163 	-0.000514 
2888 	  92.00 	461.888537     245783 	 	0.026986 	0.001147 	-0.000502 
2896 	  96.00 	461.611939     245450 	 	0.026864 	0.001135 	-0.000491 
2904 	 100.00 	461.325431     244590 	 	0.026775 	0.001129 	-0.000489 
2912 	 104.00 	461.019851     245840 	 	0.026723 	0.001125 	-0.000486 
2920 	 108.00 	460.708460     245173 	 	0.026680 	0.001122 	-0.000485 
2928 	 112.00 	460.386348     245014 	 	0.026566 	0.001111 	-0.000475 
2936 	 116.00 	460.053702     246255 	 	0.026343 	0.001091 	-0.000463 
2944 	 120.00 	459.707511     246617 	 	0.026396 	0.001091 	-0.000459 
2952 	 124.00 	459.349357     246985 	 	0.026190 	0.001074 	-0.000446 
2960 	 128.00 	458.983164     243966 	 	0.026002 	0.001059 	-0.000432 
2968 	 132.00 	458.602270     243758 	 	0.025909 	0.001051 	-0.000420 
2976 	 136.00 	458.212954     242882 	 	0.025823 	0.001044 	-0.000414 
2984 	 140.00 	457.813602     241874 	 	0.025561 	0.001026 	-0.000404 
2992 	 144.00 	457.399752     241297 	 	0.025364 	0.001012 	-0.000392 
3000 	 148.00 	456.976655     242758 	 	0.025221 	0.000999 	-0.000381 
3008 	 152.00 	456.538422     246054 	 	0.025290 	0.001003 	-0.000379 
3016 	 156.00 	456.088631     246442 	 	0.025269 	0.001002 	-0.000381 
3024 	 160.00 	455.627414     246910 	 	0.025115 	0.000990 	-0.000372 
3032 	 164.00 	455.161121     246339 	 	0.025029 	0.000984 	-0.000369 
3040 	 168.00 	454.679172     246444 	 	0.024949 	0.000981 	-0.000369 
3048 	 172.00 	454.185524     245902 	 	0.024806 	0.000969 	-0.000359 
3056 	 176.00 	453.682580     247056 	 	0.024649 	0.000957 	-0.000354 
3064 	 180.00 	453.167388     247695 	 	0.024384 	0.000938 	-0.000341 
3072 	 184.00 	452.640923     246980 	 	0.024206 	0.000925 	-0.000334 
3080 	 188.00 	452.107817     247466 	 	0.024084 	0.000918 	-0.000331 
3088 	 192.00 	451.562779     248248 	 	0.023987 	0.000907 	-0.000319 
3096 	 196.00 	451.008567     245909 	 	0.023728 	0.000884 	-0.000298 
3104 	 200.00 	450.440990     246250 	 	0.023548 	0.000871 	-0.000292 
3112 	 204.00 	449.862059     244959 	 	0.023574 	0.000870 	-0.000290 
3120 	 208.00 	449.268938     246614 	 	0.023527 	0.000867 	-0.000287 
3128 	 212.00 	448.669269     247552 	 	0.023500 	0.000866 	-0.000286 
3136 	 216.00 	448.059891     247095 	 	0.023338 	0.000853 	-0.000277 
3144 	 220.00 	447.436089     247022 	 	0.023139 	0.000837 	-0.000267 
3152 	 224.00 	446.804720     244668 	 	0.023020 	0.000831 	-0.000264 
3160 	 228.00 	446.162827     246352 	 	0.022865 	0.000821 	-0.000256 
3168 	 232.00 	445.509266     245796 	 	0.022592 	0.000804 	-0.000246 
3176 	 236.00 	444.845206     246329 	 	0.022631 	0.000804 	-0.000245 
3184 	 240.00 	444.172516     246034 	 	0.022507 	0.000794 	-0.000237 
3192 	 244.00 	443.489334     245880 	 	0.022443 	0.000792 	-0.000238 
3200 	 248.00 	442.798050     243894 	 	0.022396 	0.000786 	-0.000235 
3208 	 252.00 	442.091069     242079 	 	0.022377 	0.000784 	-0.000234 
3216 	 256.00 	441.379362     243332 	 	0.022182 	0.000771 	-0.000226 
3224 	 260.00 	440.656038     243845 	 	0.022117 	0.000768 	-0.000227 
3232 	 264.00 	439.922648     246217 	 	0.022065 	0.000764 	-0.000221 
3240 	 268.00 	439.175956     245668 	 	0.021996 	0.000761 	-0.000220 
3248 	 272.00 	438.425185     244661 	 	0.022022 	0.000761 	-0.000219 
3256 	 276.00 	437.656321     244982 	 	0.021886 	0.000750 	-0.000213 
3264 	 280.00 	436.881314     246813 	 	0.021773 	0.000742 	-0.000207 
3272 	 284.00 	436.091338     249090 	 	0.021697 	0.000739 	-0.000204 
3280 	 288.00 	435.297288     248715 	 	0.021762 	0.000742 	-0.000207 
3288 	 292.00 	434.492872     248010 	 	0.021649 	0.000736 	-0.000206 
3296 	 296.00 	433.681137     249252 	 	0.021581 	0.000731 	-0.000202 
3304 	 300.00 	432.854842     248814 	 	0.021382 	0.000718 	-0.000196 
3312 	 304.00 	432.024039     247515 	 	0.021328 	0.000715 	-0.000196 
3320 	 308.00 	431.179410     248968 	 	0.021274 	0.000710 	-0.000194 
3328 	 312.00 	430.327491     247326 	 	0.021221 	0.000706 	-0.000191 
3336 	 316.00 	429.460799     246656 	 	0.021048 	0.000694 	-0.000184 
3344 	 320.00 	428.588083     246413 	 	0.020914 	0.000684 	-0.000178 
3352 	 324.00 	427.708911     248119 	 	0.020828 	0.000681 	-0.000178 
3360 	 328.00 	426.820650     247733 	 	0.020745 	0.000676 	-0.000174 
3368 	 332.00 	425.924318     249257 	 	0.020583 	0.000667 	-0.000169 
3376 	 336.00 	425.013951     249562 	 	0.020636 	0.000671 	-0.000172 
3384 	 340.00 	424.095466     251399 	 	0.020553 	0.000661 	-0.000165 
3392 	 344.00 	423.166806     250806 	 	0.020582 	0.000661 	-0.000165 
3400 	 348.00 	422.229244     249828 	 	0.020429 	0.000653 	-0.000161 
3408 	 352.00 	421.283092     251189 	 	0.020400 	0.000650 	-0.000159 
3416 	 356.00 	420.332188     250418 	 	0.020307 	0.000647 	-0.000160 
3424 	 360.00 	419.372721     248327 	 	0.020198 	0.000638 	-0.000154 
3432 	 364.00 	418.398768     247277 	 	0.020122 	0.000635 	-0.000153 
3440 	 368.00 	417.420886     247953 	 	0.020218 	0.000640 	-0.000157 
3448 	 372.00 	416.431918     250289 	 	0.019986 	0.000628 	-0.000152 
3456 	 376.00 	415.439699     249615 	 	0.020032 	0.000627 	-0.000150 
3464 	 380.00 	414.434372     249688 	 	0.019987 	0.000629 	-0.000154 
3472 	 384.00 	413.423105     249603 	 	0.019870 	0.000622 	-0.000150 
3480 	 388.00 	412.398115     249482 	 	0.019807 	0.000618 	-0.000146 
3488 	 392.00 	411.363379     253579 	 	0.019809 	0.000615 	-0.000143 
3496 	 396.00 	410.324558     252609 	 	0.019719 	0.000612 	-0.000142 
3504 	 400.00 	409.278760     251666 	 	0.019523 	0.000600 	-0.000137 
3512 	 404.00 	408.220558     253279 	 	0.019411 	0.000594 	-0.000134 
3520 	 408.00 	407.159472     250136 	 	0.019486 	0.000596 	-0.000133 
3528 	 412.00 	406.083942     251216 	 	0.019298 	0.000583 	-0.000128 
3536 	 416.00 	405.005724     250563 	 	0.019227 	0.000578 	-0.000125 
3544 	 420.00 	403.911003     249275 	 	0.019103 	0.000573 	-0.000124 
3552 	 424.00 	402.813448     248861 	 	0.019122 	0.000573 	-0.000124 
3560 	 428.00 	401.709719     247940 	 	0.019098 	0.000571 	-0.000124 
3568 	 432.00 	400.595629     246181 	 	0.019004 	0.000566 	-0.000120 
3576 	 436.00 	399.470991     245630 	 	0.018932 	0.000561 	-0.000118 
3584 	 440.00 	398.340680     244900 	 	0.018745 	0.000550 	-0.000113 
3592 	 444.00 	397.200580     245992 	 	0.018648 	0.000547 	-0.000113 
3600 	 448.00 	396.056384     247561 	 	0.018625 	0.000545 	-0.000112 
3608 	 452.00 	394.903373     246872 	 	0.018579 	0.000541 	-0.000111 
3616 	 456.00 	393.745009     244148 	 	0.018485 	0.000536 	-0.000109 
3624 	 460.00 	392.574663     243999 	 	0.018475 	0.000535 	-0.000110 
3632 	 464.00 	391.397250     246965 	 	0.018381 	0.000533 	-0.000110 
3640 	 468.00 	390.212782     247658 	 	0.018261 	0.000527 	-0.000108 
3648 	 472.00 	389.018344     247571 	 	0.018089 	0.000519 	-0.000107 
3656 	 476.00 	387.816161     247400 	 	0.018006 	0.000512 	-0.000103 
3664 	 480.00 	386.613977     245480 	 	0.018103 	0.000519 	-0.000106 
3672 	 484.00 	385.400284     244247 	 	0.018113 	0.000518 	-0.000104 
3680 	 488.00 	384.179439     242311 	 	0.018091 	0.000513 	-0.000101 
3688 	 492.00 	382.951806     242220 	 	0.018037 	0.000508 	-0.000097 
3696 	 496.00 	381.716876     241032 	 	0.017927 	0.000504 	-0.000097 
3704 	 500.00 	380.475322     239701 	 	0.017830 	0.000497 	-0.000094 
3712 	 504.00 	379.220266     239735 	 	0.017868 	0.000499 	-0.000095 
3720 	 508.00 	377.966296     242796 	 	0.017821 	0.000496 	-0.000094 
3728 	 512.00 	376.698432     243997 	 	0.017725 	0.000492 	-0.000092 
3736 	 516.00 	375.424796     243807 	 	0.017645 	0.000489 	-0.000090 
3744 	 520.00 	374.151815     241877 	 	0.017703 	0.000492 	-0.000091 
3752 	 524.00 	372.864400     240658 	 	0.017653 	0.000485 	-0.000087 
3760 	 528.00 	371.574961     245097 	 	0.017663 	0.000485 	-0.000087 
3768 	 532.00 	370.274008     242949 	 	0.017644 	0.000484 	-0.000087 
3776 	 536.00 	368.967152     243135 	 	0.017471 	0.000477 	-0.000086 
3784 	 540.00 	367.656662     242410 	 	0.017465 	0.000476 	-0.000085 
3792 	 544.00 	366.331092     245448 	 	0.017339 	0.000473 	-0.000085 
3800 	 548.00 	365.002893     246879 	 	0.017306 	0.000472 	-0.000085 
3808 	 552.00 	363.674890     246392 	 	0.017245 	0.000472 	-0.000087 
3816 	 556.00 	362.330422     248639 	 	0.017193 	0.000465 	-0.000085 
3824 	 560.00 	360.984896     248669 	 	0.017016 	0.000458 	-0.000082 
3832 	 564.00 	359.624554     250599 	 	0.016892 	0.000452 	-0.000081 
3840 	 568.00 	358.270995     252038 	 	0.016769 	0.000445 	-0.000077 
3848 	 572.00 	356.904537     254299 	 	0.016776 	0.000447 	-0.000079 
3856 	 576.00 	355.533201     254279 	 	0.016866 	0.000449 	-0.000078 
3864 	 580.00 	354.158608     252217 	 	0.016792 	0.000446 	-0.000078 
3872 	 584.00 	352.772496     251859 	 	0.016739 	0.000443 	-0.000077 
3880 	 588.00 	351.381537     249023 	 	0.016771 	0.000445 	-0.000078 
3888 	 592.00 	349.985021     247353 	 	0.016589 	0.000436 	-0.000074 
3896 	 596.00 	348.575562     247508 	 	0.016501 	0.000432 	-0.000073 
3904 	 600.00 	347.167541     247638 	 	0.016354 	0.000423 	-0.000070 
3912 	 604.00 	345.755235     245263 	 	0.016424 	0.000426 	-0.000070 
3920 	 608.00 	344.330771     246606 	 	0.016335 	0.000422 	-0.000069 
3928 	 612.00 	342.906140     246993 	 	0.016297 	0.000417 	-0.000066 
3936 	 616.00 	341.474907     244657 	 	0.016461 	0.000425 	-0.000067 
3944 	 620.00 	340.040587     239371 	 	0.016423 	0.000422 	-0.000067 
3952 	 624.00 	338.598300     240735 	 	0.016315 	0.000421 	-0.000068 
3960 	 628.00 	337.147693     241054 	 	0.016302 	0.000418 	-0.000066 
3968 	 632.00 	335.696474     239194 	 	0.016221 	0.000415 	-0.000066 
3976 	 636.00 	334.232782     241363 	 	0.016135 	0.000410 	-0.000065 
3984 	 640.00 	332.763449     242357 	 	0.015983 	0.000404 	-0.000064 
3992 	 644.00 	331.297113     241599 	 	0.015777 	0.000394 	-0.000061 
4000 	 648.00 	329.820639     240538 	 	0.015603 	0.000385 	-0.000058 
4008 	 652.00 	328.330208     238989 	 	0.015610 	0.000385 	-0.000058 
4016 	 656.00 	326.844152     235611 	 	0.015452 	0.000378 	-0.000056 
4024 	 660.00 	325.353173     236022 	 	0.015395 	0.000376 	-0.000056 
4032 	 664.00 	323.854878     230038 	 	0.015511 	0.000382 	-0.000058 
4040 	 668.00 	322.349106     231791 	 	0.015621 	0.000383 	-0.000057 
4048 	 672.00 	320.844046     226494 	 	0.015585 	0.000385 	-0.000058 
4056 	 676.00 	319.325823     228025 	 	0.015626 	0.000386 	-0.000058 
4064 	 680.00 	317.809297     223992 	 	0.015527 	0.000379 	-0.000055 
4072 	 684.00 	316.281632     226453 	 	0.015447 	0.000379 	-0.000057 
4080 	 688.00 	314.749349     227706 	 	0.015458 	0.000378 	-0.000055 
4088 	 692.00 	313.216332     227858 	 	0.015382 	0.000376 	-0.000056 
4096 	 696.00 	311.678776     224396 	 	0.015264 	0.000370 	-0.000054 
4104 	 700.00 	310.130030     227220 	 	0.015305 	0.000371 	-0.000053 
4112 	 704.00 	308.581922     224173 	 	0.015193 	0.000365 	-0.000052 
4120 	 708.00 	307.030510     224569 	 	0.015216 	0.000364 	-0.000051 
4128 	 712.00 	305.463610     223530 	 	0.015025 	0.000354 	-0.000048 
4136 	 716.00 	303.894382     224519 	 	0.015109 	0.000360 	-0.000050 
4144 	 720.00 	302.320968     228940 	 	0.014917 	0.000350 	-0.000047 
4152 	 724.00 	300.748005     229228 	 	0.014809 	0.000343 	-0.000043 
4160 	 728.00 	299.165128     229672 	 	0.014925 	0.000350 	-0.000046 
4168 	 732.00 	297.579047     230016 	 	0.014798 	0.000342 	-0.000044 
4176 	 736.00 	295.993283     228233 	 	0.014699 	0.000339 	-0.000044 
4184 	 740.00 	294.402085     231046 	 	0.014852 	0.000347 	-0.000046 
4192 	 744.00 	292.805011     232187 	 	0.014753 	0.000342 	-0.000045 
4200 	 748.00 	291.195907     230974 	 	0.014657 	0.000339 	-0.000045 
4208 	 752.00 	289.590819     231875 	 	0.014570 	0.000335 	-0.000043 
4216 	 756.00 	287.976149     229296 	 	0.014400 	0.000330 	-0.000043 
4224 	 760.00 	286.363786     230711 	 	0.014353 	0.000327 	-0.000041 
4232 	 764.00 	284.743985     229310 	 	0.014428 	0.000329 	-0.000042 
4240 	 768.00 	283.124862     226809 	 	0.014452 	0.000330 	-0.000041 
4248 	 772.00 	281.489160     229860 	 	0.014320 	0.000324 	-0.000039 
4256 	 776.00 	279.866443     225071 	 	0.014147 	0.000315 	-0.000037 
4264 	 780.00 	278.226020     226870 	 	0.014132 	0.000312 	-0.000036 
4272 	 784.00 	276.585866     228164 	 	0.014131 	0.000314 	-0.000038 
4280 	 788.00 	274.943473     229220 	 	0.013974 	0.000312 	-0.000038 
4288 	 792.00 	273.292938     229114 	 	0.014048 	0.000313 	-0.000038 
4296 	 796.00 	271.642828     227818 	 	0.013996 	0.000311 	-0.000038 
4304 	 800.00 	269.987219     227748 	 	0.013963 	0.000310 	-0.000037 
4312 	 804.00 	268.327852     231583 	 	0.014109 	0.000314 	-0.000037 
4320 	 808.00 	266.667133     234033 	 	0.013994 	0.000308 	-0.000036 
4328 	 812.00 	265.004358     237089 	 	0.013905 	0.000305 	-0.000036 
4336 	 816.00 	263.329885     242285 	 	0.014021 	0.000310 	-0.000036 
4344 	 820.00 	261.657997     240059 	 	0.013943 	0.000306 	-0.000035 
4352 	 824.00 	259.990657     238985 	 	0.013943 	0.000304 	-0.000035 
4360 	 828.00 	258.309112     243192 	 	0.013907 	0.000305 	-0.000035 
4368 	 832.00 	256.636401     239267 	 	0.013815 	0.000299 	-0.000034 
4376 	 836.00 	254.953667     245130 	 	0.013787 	0.000297 	-0.000033 
4384 	 840.00 	253.264712     248777 	 	0.013720 	0.000293 	-0.000032 
4392 	 844.00 	251.577038     249129 	 	0.013634 	0.000293 	-0.000032 
4400 	 848.00 	249.883221     252154 	 	0.013657 	0.000292 	-0.000032 
4408 	 852.00 	248.195140     251717 	 	0.013494 	0.000285 	-0.000030 
4416 	 856.00 	246.495431     252575 	 	0.013440 	0.000284 	-0.000030 
4424 	 860.00 	244.795852     252094 	 	0.013357 	0.000281 	-0.000030 
4432 	 864.00 	243.089705     256050 	 	0.013413 	0.000283 	-0.000030 
4440 	 868.00 	241.386289     251994 	 	0.013395 	0.000282 	-0.000030 
4448 	 872.00 	239.679421     255862 	 	0.013350 	0.000280 	-0.000029 
4456 	 876.00 	237.962114     258820 	 	0.013202 	0.000275 	-0.000029 
4464 	 880.00 	236.253550     257969 	 	0.013211 	0.000276 	-0.000029 
4472 	 884.00 	234.544716     257990 	 	0.013157 	0.000274 	-0.000029 
4480 	 888.00 	232.830767     261979 	 	0.013031 	0.000268 	-0.000028 
4488 	 892.00 	231.110296     263973 	 	0.013012 	0.000268 	-0.000027 
4496 	 896.00 	229.391526     264086 	 	0.012882 	0.000264 	-0.000027 
4504 	 900.00 	227.672584     264690 	 	0.012892 	0.000263 	-0.000027 
4512 	 904.00 	225.957453     266762 	 	0.012874 	0.000263 	-0.000027 
4520 	 908.00 	224.232253     266108 	 	0.012820 	0.000259 	-0.000026 
4528 	 912.00 	222.503649     264706 	 	0.012850 	0.000259 	-0.000026 
4536 	 916.00 	220.779032     265292 	 	0.012862 	0.000262 	-0.000027 
4544 	 920.00 	219.050574     268550 	 	0.012942 	0.000263 	-0.000027 
4552 	 924.00 	217.320914     266915 	 	0.012845 	0.000262 	-0.000027 
4560 	 928.00 	215.578657     272128 	 	0.012842 	0.000261 	-0.000026 
4568 	 932.00 	213.846860     273456 	 	0.012903 	0.000262 	-0.000026 
4576 	 936.00 	212.120339     275223 	 	0.012680 	0.000256 	-0.000025 
4584 	 940.00 	210.376849     279352 	 	0.012621 	0.000254 	-0.000025 
4592 	 944.00 	208.630980     285860 	 	0.012632 	0.000254 	-0.000025 
4600 	 948.00 	206.898077     286747 	 	0.012502 	0.000248 	-0.000023 
4608 	 952.00 	205.160683     286148 	 	0.012466 	0.000246 	-0.000023 
4616 	 956.00 	203.421723     288864 	 	0.012391 	0.000243 	-0.000023 
4624 	 960.00 	201.673184     288342 	 	0.012255 	0.000237 	-0.000021 
4632 	 964.00 	199.923491     287706 	 	0.012153 	0.000233 	-0.000021 
4640 	 968.00 	198.164864     290749 	 	0.012130 	0.000231 	-0.000020 
4648 	 972.00 	196.413173     288298 	 	0.012072 	0.000230 	-0.000020 
4656 	 976.00 	194.653769     293197 	 	0.012055 	0.000232 	-0.000021 
4664 	 980.00 	192.895723     295669 	 	0.011894 	0.000224 	-0.000019 
4672 	 984.00 	191.128814     293342 	 	0.011832 	0.000221 	-0.000019 
4680 	 988.00 	189.362999     294416 	 	0.011901 	0.000223 	-0.000019 
4688 	 992.00 	187.587114     298142 	 	0.011804 	0.000221 	-0.000019 
4696 	 996.00 	185.817590     297649 	 	0.011800 	0.000221 	-0.000019 
4704 	 1000.00 	184.045198     301102 	 	0.011856 	0.000221 	-0.000019 
4712 	 1004.00 	182.274738     300384 	 	0.011748 	0.000217 	-0.000018 
4720 	 1008.00 	180.492266     303157 	 	0.011743 	0.000216 	-0.000018 
4728 	 1012.00 	178.727937     298253 	 	0.011643 	0.000213 	-0.000017 
4736 	 1016.00 	176.932312     303138 	 	0.011621 	0.000212 	-0.000017 
4744 	 1020.00 	175.151832     301426 	 	0.011374 	0.000204 	-0.000016 
4752 	 1024.00 	173.366113     299102 	 	0.011451 	0.000207 	-0.000016 
4760 	 1028.00 	171.564091     300802 	 	0.011336 	0.000202 	-0.000015 
4768 	 1032.00 	169.781705     296632 	 	0.011361 	0.000202 	-0.000015 
4776 	 1036.00 	167.977146     295247 	 	0.011236 	0.000199 	-0.000015 
4784 	 1040.00 	166.179306     298349 	 	0.011227 	0.000199 	-0.000015 
4792 	 1044.00 	164.372528     296578 	 	0.011171 	0.000197 	-0.000015 
4800 	 1048.00 	162.569182     293348 	 	0.011160 	0.000196 	-0.000015 
4808 	 1052.00 	160.748542     299193 	 	0.010989 	0.000191 	-0.000014 
4816 	 1056.00 	158.943087     293927 	 	0.010861 	0.000188 	-0.000014 
4824 	 1060.00 	157.121354     291164 	 	0.010837 	0.000188 	-0.000014 
4832 	 1064.00 	155.303238     284273 	 	0.010962 	0.000190 	-0.000014 
4840 	 1068.00 	153.470967     284512 	 	0.010733 	0.000183 	-0.000013 
4848 	 1072.00 	151.645505     284348 	 	0.010650 	0.000179 	-0.000012 
4856 	 1076.00 	149.809640     283330 	 	0.010620 	0.000178 	-0.000012 
4864 	 1080.00 	147.978784     279590 	 	0.010534 	0.000175 	-0.000012 
4872 	 1084.00 	146.131648     283819 	 	0.010378 	0.000170 	-0.000011 
4880 	 1088.00 	144.289538     284519 	 	0.010413 	0.000172 	-0.000011 
4888 	 1092.00 	142.440705     281949 	 	0.010285 	0.000167 	-0.000011 
4896 	 1096.00 	140.592012     278958 	 	0.010293 	0.000168 	-0.000011 
4904 	 1100.00 	138.728822     274916 	 	0.010123 	0.000161 	-0.000010 
4912 	 1104.00 	136.864040     274313 	 	0.009945 	0.000155 	-0.000009 
4920 	 1108.00 	134.989951     281837 	 	0.009983 	0.000157 	-0.000009 
4928 	 1112.00 	133.123704     278579 	 	0.009828 	0.000153 	-0.000009 
4936 	 1116.00 	131.237719     281265 	 	0.009891 	0.000154 	-0.000009 
4944 	 1120.00 	129.354292     282878 	 	0.009913 	0.000154 	-0.000009 
4952 	 1124.00 	127.464881     281899 	 	0.009949 	0.000155 	-0.000009 
4960 	 1128.00 	125.569653     278721 	 	0.009860 	0.000152 	-0.000009 
4968 	 1132.00 	123.672432     279006 	 	0.009755 	0.000150 	-0.000008 
4976 	 1136.00 	121.770888     276184 	 	0.009716 	0.000150 	-0.000008 
4984 	 1140.00 	119.871518     268911 	 	0.009657 	0.000148 	-0.000008 
4992 	 1144.00 	117.944619     269359 	 	0.009580 	0.000146 	-0.000008 
5000 	 1148.00 	116.023970     268710 	 	0.009557 	0.000145 	-0.000008 
5008 	 1152.00 	114.091470     263440 	 	0.009434 	0.000142 	-0.000008 
5016 	 1156.00 	112.155258     266521 	 	0.009397 	0.000141 	-0.000008 
5024 	 1160.00 	110.204791     268544 	 	0.009391 	0.000140 	-0.000008 
5032 	 1164.00 	108.246294     267999 	 	0.009186 	0.000134 	-0.000007 
5040 	 1168.00 	106.289108     265143 	 	0.009124 	0.000132 	-0.000007 
5048 	 1172.00 	104.319998     275525 	 	0.008947 	0.000126 	-0.000006 
5056 	 1176.00 	102.351308     272035 	 	0.008955 	0.000125 	-0.000006 
5064 	 1180.00 	100.363892     271930 	 	0.008852 	0.000123 	-0.000006 
5072 	 1184.00 	98.371930     278020 	 	0.008627 	0.000117 	-0.000005 
5080 	 1188.00 	96.382765     277204 	 	0.008634 	0.000117 	-0.000005 
5088 	 1192.00 	94.373428     281412 	 	0.008303 	0.000110 	-0.000005 
5096 	 1196.00 	92.356934     280938 	 	0.008338 	0.000110 	-0.000005 
5104 	 1200.00 	90.341741     285830 	 	0.008222 	0.000107 	-0.000004 
5112 	 1204.00 	88.296804     286258 	 	0.008097 	0.000104 	-0.000004 
5120 	 1208.00 	86.262558     285857 	 	0.008089 	0.000103 	-0.000004 
5128 	 1212.00 	84.212361     283414 	 	0.008034 	0.000102 	-0.000004 
5136 	 1216.00 	82.157351     277365 	 	0.007994 	0.000102 	-0.000004 
5144 	 1220.00 	80.076368     284532 	 	0.007842 	0.000098 	-0.000004 
5152 	 1224.00 	77.987568     279831 	 	0.007736 	0.000094 	-0.000003 
5160 	 1228.00 	75.877908     285054 	 	0.007518 	0.000090 	-0.000003 
5168 	 1232.00 	73.781832     279293 	 	0.007496 	0.000089 	-0.000003 
5176 	 1236.00 	71.655741     278909 	 	0.007425 	0.000088 	-0.000003 
5184 	 1240.00 	69.538313     274178 	 	0.007198 	0.000082 	-0.000002 
5192 	 1244.00 	67.387216     262610 	 	0.007236 	0.000083 	-0.000003 
5200 	 1248.00 	65.237493     262735 	 	0.007173 	0.000081 	-0.000002 
5208 	 1252.00 	63.055773     262347 	 	0.007070 	0.000079 	-0.000002 
5216 	 1256.00 	60.877545     258836 	 	0.007005 	0.000077 	-0.000002 
5224 	 1260.00 	58.665175     265986 	 	0.006768 	0.000073 	-0.000002 
5232 	 1264.00 	56.454592     264865 	 	0.006828 	0.000073 	-0.000002 
5240 	 1268.00 	54.209850     260531 	 	0.006516 	0.000066 	-0.000002 
5248 	 1272.00 	51.970376     267867 	 	0.006541 	0.000067 	-0.000002 
5256 	 1276.00 	49.671079     262313 	 	0.006148 	0.000061 	-0.000001 
5264 	 1280.00 	47.415521     267562 	 	0.006180 	0.000061 	-0.000001 
5272 	 1284.00 	45.050997     271187 	 	0.005947 	0.000055 	-0.000001 
5280 	 1288.00 	42.785524     262331 	 	0.005891 	0.000055 	-0.000001 
5288 	 1292.00 	40.316774     271478 	 	0.005374 	0.000047 	-0.000001 
5296 	 1296.00 	38.065084     263233 	 	0.005742 	0.000052 	-0.000001 
5304 	 1300.00 	35.485857     270710 	 	0.005172 	0.000040 	-0.000001 
5312 	 1304.00 	33.247452     270811 	 	0.005349 	0.000046 	-0.000001 
5320 	 1308.00 	30.489812     259202 	 	0.004448 	0.000034 	-0.000000 
5328 	 1312.00 	28.328319     267494 	 	0.004991 	0.000038 	-0.000000 
5336 	 1316.00 	25.282000     278218 	 	0.004194 	0.000024 	-0.000000 
5344 	 1320.00 	23.273385     292623 	 	0.004332 	0.000032 	-0.000000 
5352 	 1324.00 	19.816466     300779 	 	0.003030 	0.000018 	-0.000000 
5360 	 1328.00 	18.058391     289125 	 	0.004310 	0.000026 	-0.000000 
5368 	 1332.00 	13.968229     286925 	 	0.002925 	0.000009 	-0.000000 
5376 	 1336.00 	12.593194     278986 	 	0.002903 	0.000017 	-0.000000 
5384 	 1340.00 	7.451507     255272 	 	0.000000 	0.000000 	-0.000000 
5392 	 1344.00 	6.770416     253325 	 	0.002959 	0.000009 	-0.000000 
5408 	 1352.00 	0.269651     282284 	 	0.000000 	0.000000 	-0.000000 
