#i 	E(i) 	 	log[g(E)] 	  H(E) 	 	<M> 	 	<M^2> 	 	<M^4>
#----------------------------------------------------------------------------------------------------
0 	 -648.00 	0.000000      41136 	 	1.000000 	1.000000 	-5.909012 
16 	 -640.00 	5.767575      49538 	 	0.993827 	0.987692 	-5.764456 
24 	 -636.00 	6.481809      44779 	 	0.987654 	0.975461 	-5.622568 
32 	 -632.00 	10.896497      49540 	 	0.987337 	0.974837 	-5.615423 
40 	 -628.00 	12.275372      47134 	 	0.981082 	0.962525 	-5.474522 
48 	 -624.00 	15.660298      49339 	 	0.980380 	0.961153 	-5.459029 
56 	 -620.00 	17.410774      48554 	 	0.974261 	0.949196 	-5.324081 
64 	 -616.00 	20.245682      47640 	 	0.972816 	0.946392 	-5.292884 
72 	 -612.00 	22.173896      50105 	 	0.967525 	0.936119 	-5.178504 
80 	 -608.00 	24.661061      51437 	 	0.965078 	0.931404 	-5.126771 
88 	 -604.00 	26.694594      45906 	 	0.959659 	0.920977 	-5.012677 
96 	 -600.00 	28.977007      49677 	 	0.956473 	0.914889 	-4.946995 
104 	 -596.00 	31.052138      50731 	 	0.951287 	0.905002 	-4.840807 
112 	 -592.00 	33.220025      48493 	 	0.946706 	0.896345 	-4.749435 
120 	 -588.00 	35.267582      51432 	 	0.942623 	0.888626 	-4.667906 
128 	 -584.00 	37.343361      50747 	 	0.938159 	0.880252 	-4.580807 
136 	 -580.00 	39.365093      53421 	 	0.932876 	0.870394 	-4.479350 
144 	 -576.00 	41.387738      56206 	 	0.929320 	0.863767 	-4.411311 
152 	 -572.00 	43.369599      53453 	 	0.923861 	0.853684 	-4.309577 
160 	 -568.00 	45.365008      55671 	 	0.919674 	0.845983 	-4.232568 
168 	 -564.00 	47.332786      54262 	 	0.914254 	0.836072 	-4.134587 
176 	 -560.00 	49.293738      53862 	 	0.909253 	0.827022 	-4.046804 
184 	 -556.00 	51.226481      53043 	 	0.903295 	0.816247 	-3.942651 
192 	 -552.00 	53.170824      53062 	 	0.897910 	0.806621 	-3.851555 
200 	 -548.00 	55.074005      53297 	 	0.891997 	0.796062 	-3.751875 
208 	 -544.00 	56.962768      55019 	 	0.886705 	0.786756 	-3.666476 
216 	 -540.00 	58.859898      54233 	 	0.880211 	0.775383 	-3.562919 
224 	 -536.00 	60.737417      53457 	 	0.873316 	0.763487 	-3.457597 
232 	 -532.00 	62.603793      53698 	 	0.867582 	0.753481 	-3.367568 
240 	 -528.00 	64.471193      53549 	 	0.861098 	0.742402 	-3.271712 
248 	 -524.00 	66.300787      53398 	 	0.854084 	0.730496 	-3.169934 
256 	 -520.00 	68.153681      51559 	 	0.847368 	0.719223 	-3.075444 
264 	 -516.00 	69.972039      52763 	 	0.839386 	0.705992 	-2.966957 
272 	 -512.00 	71.784719      50526 	 	0.833494 	0.696222 	-2.886890 
280 	 -508.00 	73.592501      51942 	 	0.827385 	0.686121 	-2.804775 
288 	 -504.00 	75.397213      52039 	 	0.819844 	0.673978 	-2.710039 
296 	 -500.00 	77.174083      52996 	 	0.811388 	0.660518 	-2.607551 
304 	 -496.00 	78.975007      50788 	 	0.802568 	0.646772 	-2.506087 
312 	 -492.00 	80.735662      50933 	 	0.794261 	0.633763 	-2.410009 
320 	 -488.00 	82.499277      51587 	 	0.783884 	0.618122 	-2.301228 
328 	 -484.00 	84.283353      50755 	 	0.773139 	0.602197 	-2.193510 
336 	 -480.00 	86.032727      50877 	 	0.761576 	0.584905 	-2.076233 
344 	 -476.00 	87.795611      50885 	 	0.753267 	0.572639 	-1.995658 
352 	 -472.00 	89.547150      51884 	 	0.741113 	0.555233 	-1.884207 
360 	 -468.00 	91.297450      49570 	 	0.731452 	0.542390 	-1.808713 
368 	 -464.00 	93.047288      50165 	 	0.720684 	0.527130 	-1.714958 
376 	 -460.00 	94.789633      49718 	 	0.707054 	0.509286 	-1.613904 
384 	 -456.00 	96.522890      48388 	 	0.690506 	0.488036 	-1.496326 
392 	 -452.00 	98.239005      46504 	 	0.677900 	0.471941 	-1.408814 
400 	 -448.00 	99.977075      45830 	 	0.666265 	0.456518 	-1.326431 
408 	 -444.00 	101.702689      44720 	 	0.652088 	0.439623 	-1.244061 
416 	 -440.00 	103.433022      45406 	 	0.641457 	0.425849 	-1.171412 
424 	 -436.00 	105.154003      43538 	 	0.625222 	0.408186 	-1.093041 
432 	 -432.00 	106.866963      44815 	 	0.612585 	0.394077 	-1.031765 
440 	 -428.00 	108.572381      43808 	 	0.593633 	0.373817 	-0.947029 
448 	 -424.00 	110.271616      44400 	 	0.572282 	0.351310 	-0.856755 
456 	 -420.00 	111.970044      44993 	 	0.554364 	0.333658 	-0.790303 
464 	 -416.00 	113.660624      44928 	 	0.531871 	0.311755 	-0.709858 
472 	 -412.00 	115.364259      45699 	 	0.522551 	0.302045 	-0.670245 
480 	 -408.00 	117.039703      45003 	 	0.503313 	0.284501 	-0.610454 
488 	 -404.00 	118.736237      44600 	 	0.481843 	0.265039 	-0.548126 
496 	 -400.00 	120.417930      45452 	 	0.469920 	0.252481 	-0.498622 
504 	 -396.00 	122.101897      45571 	 	0.454779 	0.237576 	-0.447906 
512 	 -392.00 	123.778332      44078 	 	0.434897 	0.221484 	-0.403260 
520 	 -388.00 	125.433472      44170 	 	0.416867 	0.206183 	-0.357721 
528 	 -384.00 	127.096835      43524 	 	0.401932 	0.193129 	-0.321341 
536 	 -380.00 	128.736771      43495 	 	0.392134 	0.186057 	-0.302007 
544 	 -376.00 	130.380334      43536 	 	0.376770 	0.173777 	-0.271140 
552 	 -372.00 	132.017924      43377 	 	0.363327 	0.163921 	-0.248966 
560 	 -368.00 	133.641675      43340 	 	0.355243 	0.156625 	-0.227545 
568 	 -364.00 	135.261100      43414 	 	0.338452 	0.144988 	-0.200817 
576 	 -360.00 	136.874857      43394 	 	0.326585 	0.136273 	-0.183451 
584 	 -356.00 	138.487433      43350 	 	0.320067 	0.130692 	-0.168542 
592 	 -352.00 	140.077698      44555 	 	0.306652 	0.121510 	-0.150772 
600 	 -348.00 	141.647305      45310 	 	0.298608 	0.115486 	-0.138033 
608 	 -344.00 	143.227453      44680 	 	0.290052 	0.110214 	-0.129174 
616 	 -340.00 	144.785093      43704 	 	0.272824 	0.099614 	-0.109903 
624 	 -336.00 	146.345583      45636 	 	0.259024 	0.091092 	-0.095649 
632 	 -332.00 	147.888023      45089 	 	0.254249 	0.086764 	-0.085613 
640 	 -328.00 	149.428008      44738 	 	0.247126 	0.082469 	-0.079114 
648 	 -324.00 	150.950609      44927 	 	0.237949 	0.076245 	-0.067766 
656 	 -320.00 	152.462428      45798 	 	0.233123 	0.073339 	-0.062902 
664 	 -316.00 	153.968886      45992 	 	0.222849 	0.067717 	-0.055334 
672 	 -312.00 	155.464340      46376 	 	0.215145 	0.063087 	-0.047820 
680 	 -308.00 	156.937219      47091 	 	0.209604 	0.060087 	-0.043806 
688 	 -304.00 	158.414833      48354 	 	0.204303 	0.057332 	-0.040438 
696 	 -300.00 	159.871224      48224 	 	0.196991 	0.054008 	-0.036816 
704 	 -296.00 	161.316838      50066 	 	0.190194 	0.050978 	-0.033737 
712 	 -292.00 	162.742463      49813 	 	0.185460 	0.048600 	-0.030562 
720 	 -288.00 	164.159902      49701 	 	0.181676 	0.047022 	-0.028834 
728 	 -284.00 	165.571006      49467 	 	0.176744 	0.044612 	-0.026200 
736 	 -280.00 	166.973661      48386 	 	0.172385 	0.042420 	-0.023842 
744 	 -276.00 	168.362222      47335 	 	0.167756 	0.039910 	-0.021005 
752 	 -272.00 	169.739748      48941 	 	0.164533 	0.038474 	-0.019757 
760 	 -268.00 	171.090955      51298 	 	0.154930 	0.035139 	-0.017540 
768 	 -264.00 	172.437894      50725 	 	0.154583 	0.034774 	-0.016959 
776 	 -260.00 	173.760824      51593 	 	0.148466 	0.032143 	-0.014649 
784 	 -256.00 	175.076870      50859 	 	0.143926 	0.030653 	-0.013849 
792 	 -252.00 	176.385439      51578 	 	0.139262 	0.028624 	-0.012173 
800 	 -248.00 	177.668719      52096 	 	0.135340 	0.027123 	-0.011035 
808 	 -244.00 	178.936990      53467 	 	0.133025 	0.026046 	-0.009994 
816 	 -240.00 	180.199545      53604 	 	0.128710 	0.024664 	-0.009199 
824 	 -236.00 	181.449154      53809 	 	0.124261 	0.023033 	-0.007986 
832 	 -232.00 	182.674962      54672 	 	0.119638 	0.021371 	-0.006851 
840 	 -228.00 	183.888769      54258 	 	0.116328 	0.020310 	-0.006272 
848 	 -224.00 	185.086155      54171 	 	0.113473 	0.019211 	-0.005623 
856 	 -220.00 	186.256316      54339 	 	0.111654 	0.018711 	-0.005413 
864 	 -216.00 	187.422066      53335 	 	0.108599 	0.017873 	-0.005080 
872 	 -212.00 	188.574534      54191 	 	0.104511 	0.016623 	-0.004427 
880 	 -208.00 	189.703434      55036 	 	0.101762 	0.015827 	-0.004017 
888 	 -204.00 	190.813797      54485 	 	0.099848 	0.015232 	-0.003659 
896 	 -200.00 	191.910034      56141 	 	0.097693 	0.014569 	-0.003308 
904 	 -196.00 	192.992815      57484 	 	0.096679 	0.014299 	-0.003177 
912 	 -192.00 	194.058912      58268 	 	0.095327 	0.013894 	-0.003007 
920 	 -188.00 	195.108004      57486 	 	0.093138 	0.013246 	-0.002758 
928 	 -184.00 	196.140369      57455 	 	0.090125 	0.012359 	-0.002423 
936 	 -180.00 	197.151029      56776 	 	0.087055 	0.011698 	-0.002249 
944 	 -176.00 	198.150737      56912 	 	0.085438 	0.011351 	-0.002145 
952 	 -172.00 	199.135557      55890 	 	0.084022 	0.011112 	-0.002113 
960 	 -168.00 	200.098340      56349 	 	0.082011 	0.010548 	-0.001887 
968 	 -164.00 	201.031598      56148 	 	0.081796 	0.010476 	-0.001842 
976 	 -160.00 	201.947070      56770 	 	0.080144 	0.010037 	-0.001698 
984 	 -156.00 	202.855562      57306 	 	0.078767 	0.009618 	-0.001527 
992 	 -152.00 	203.738150      58428 	 	0.077878 	0.009426 	-0.001497 
1000 	 -148.00 	204.603206      57237 	 	0.077045 	0.009145 	-0.001380 
1008 	 -144.00 	205.450891      57260 	 	0.074989 	0.008671 	-0.001246 
1016 	 -140.00 	206.278855      55512 	 	0.074683 	0.008578 	-0.001200 
1024 	 -136.00 	207.078696      56150 	 	0.074073 	0.008412 	-0.001161 
1032 	 -132.00 	207.862997      55064 	 	0.073072 	0.008208 	-0.001108 
1040 	 -128.00 	208.627364      55683 	 	0.070911 	0.007794 	-0.001010 
1048 	 -124.00 	209.369936      56320 	 	0.069075 	0.007421 	-0.000916 
1056 	 -120.00 	210.090336      56625 	 	0.068109 	0.007187 	-0.000842 
1064 	 -116.00 	210.790163      56102 	 	0.066829 	0.006893 	-0.000772 
1072 	 -112.00 	211.466813      55247 	 	0.065713 	0.006670 	-0.000726 
1080 	 -108.00 	212.120243      56447 	 	0.064620 	0.006468 	-0.000690 
1088 	 -104.00 	212.755799      56462 	 	0.063561 	0.006286 	-0.000663 
1096 	 -100.00 	213.362017      56985 	 	0.062565 	0.006084 	-0.000624 
1104 	 -96.00 	213.949647      57033 	 	0.061758 	0.005913 	-0.000578 
1112 	 -92.00 	214.520050      57931 	 	0.060367 	0.005622 	-0.000524 
1120 	 -88.00 	215.066759      57150 	 	0.059085 	0.005424 	-0.000491 
1128 	 -84.00 	215.575275      57383 	 	0.057883 	0.005206 	-0.000450 
1136 	 -80.00 	216.073897      57713 	 	0.057526 	0.005112 	-0.000423 
1144 	 -76.00 	216.551663      57070 	 	0.057060 	0.005041 	-0.000418 
1152 	 -72.00 	217.004802      56456 	 	0.056032 	0.004877 	-0.000399 
1160 	 -68.00 	217.427102      57806 	 	0.054899 	0.004728 	-0.000385 
1168 	 -64.00 	217.831853      58197 	 	0.054227 	0.004591 	-0.000362 
1176 	 -60.00 	218.215911      57830 	 	0.052951 	0.004407 	-0.000333 
1184 	 -56.00 	218.570872      58274 	 	0.052297 	0.004268 	-0.000312 
1192 	 -52.00 	218.902796      58143 	 	0.051019 	0.004062 	-0.000283 
1200 	 -48.00 	219.214991      57856 	 	0.050376 	0.003958 	-0.000270 
1208 	 -44.00 	219.500094      58107 	 	0.049859 	0.003885 	-0.000262 
1216 	 -40.00 	219.764937      56614 	 	0.049475 	0.003824 	-0.000253 
1224 	 -36.00 	219.999864      57026 	 	0.049228 	0.003780 	-0.000246 
1232 	 -32.00 	220.204671      57008 	 	0.048451 	0.003664 	-0.000231 
1240 	 -28.00 	220.391183      56856 	 	0.047742 	0.003590 	-0.000223 
1248 	 -24.00 	220.552660      57157 	 	0.046754 	0.003495 	-0.000218 
1256 	 -20.00 	220.684526      57749 	 	0.046048 	0.003362 	-0.000198 
1264 	 -16.00 	220.798993      57718 	 	0.045282 	0.003250 	-0.000185 
1272 	 -12.00 	220.886084      57650 	 	0.044736 	0.003171 	-0.000176 
1280 	  -8.00 	220.951519      57410 	 	0.044435 	0.003106 	-0.000170 
1288 	  -4.00 	220.987689      57250 	 	0.044241 	0.003070 	-0.000164 
1296 	   0.00 	221.005079      57485 	 	0.043835 	0.003006 	-0.000156 
1304 	   4.00 	220.996919      57400 	 	0.043290 	0.002926 	-0.000147 
1312 	   8.00 	220.963420      57501 	 	0.042815 	0.002867 	-0.000141 
1320 	  12.00 	220.902069      57428 	 	0.041994 	0.002760 	-0.000132 
1328 	  16.00 	220.810323      58392 	 	0.041666 	0.002721 	-0.000130 
1336 	  20.00 	220.701517      57959 	 	0.041199 	0.002659 	-0.000122 
1344 	  24.00 	220.569694      57797 	 	0.040512 	0.002571 	-0.000114 
1352 	  28.00 	220.405242      58624 	 	0.040038 	0.002513 	-0.000109 
1360 	  32.00 	220.217110      58700 	 	0.039707 	0.002473 	-0.000107 
1368 	  36.00 	220.002779      58601 	 	0.039027 	0.002398 	-0.000100 
1376 	  40.00 	219.769118      58718 	 	0.039004 	0.002383 	-0.000099 
1384 	  44.00 	219.507422      58187 	 	0.038446 	0.002321 	-0.000094 
1392 	  48.00 	219.221159      58884 	 	0.037973 	0.002266 	-0.000090 
1400 	  52.00 	218.911708      59024 	 	0.037298 	0.002178 	-0.000082 
1408 	  56.00 	218.575939      59132 	 	0.036759 	0.002131 	-0.000080 
1416 	  60.00 	218.219924      59129 	 	0.036651 	0.002125 	-0.000081 
1424 	  64.00 	217.844173      58547 	 	0.036424 	0.002095 	-0.000078 
1432 	  68.00 	217.444559      58548 	 	0.035971 	0.002045 	-0.000075 
1440 	  72.00 	217.018636      58110 	 	0.035964 	0.002039 	-0.000074 
1448 	  76.00 	216.569339      57867 	 	0.035450 	0.001987 	-0.000070 
1456 	  80.00 	216.098963      56881 	 	0.035215 	0.001959 	-0.000067 
1464 	  84.00 	215.601030      57232 	 	0.035184 	0.001935 	-0.000064 
1472 	  88.00 	215.078702      56428 	 	0.034746 	0.001891 	-0.000061 
1480 	  92.00 	214.544810      56498 	 	0.034491 	0.001864 	-0.000061 
1488 	  96.00 	213.975285      56257 	 	0.034249 	0.001843 	-0.000060 
1496 	 100.00 	213.389820      56027 	 	0.033823 	0.001805 	-0.000058 
1504 	 104.00 	212.787947      55431 	 	0.033661 	0.001790 	-0.000059 
1512 	 108.00 	212.161232      54961 	 	0.033399 	0.001759 	-0.000055 
1520 	 112.00 	211.512496      54513 	 	0.032788 	0.001698 	-0.000051 
1528 	 116.00 	210.843390      54795 	 	0.032931 	0.001722 	-0.000053 
1536 	 120.00 	210.151398      54294 	 	0.032519 	0.001658 	-0.000048 
1544 	 124.00 	209.435492      54984 	 	0.031987 	0.001609 	-0.000045 
1552 	 128.00 	208.699613      55522 	 	0.031773 	0.001577 	-0.000043 
1560 	 132.00 	207.950726      54343 	 	0.031397 	0.001539 	-0.000041 
1568 	 136.00 	207.167863      53080 	 	0.030998 	0.001497 	-0.000039 
1576 	 140.00 	206.373948      51910 	 	0.030787 	0.001480 	-0.000038 
1584 	 144.00 	205.556616      51594 	 	0.030690 	0.001454 	-0.000036 
1592 	 148.00 	204.712285      51282 	 	0.030733 	0.001468 	-0.000036 
1600 	 152.00 	203.858769      51212 	 	0.030039 	0.001406 	-0.000034 
1608 	 156.00 	202.984876      50783 	 	0.029766 	0.001384 	-0.000033 
1616 	 160.00 	202.083896      51106 	 	0.029307 	0.001351 	-0.000032 
1624 	 164.00 	201.164014      51086 	 	0.029333 	0.001351 	-0.000032 
1632 	 168.00 	200.228460      49835 	 	0.028731 	0.001307 	-0.000030 
1640 	 172.00 	199.274783      49516 	 	0.028786 	0.001313 	-0.000030 
1648 	 176.00 	198.302225      48720 	 	0.028645 	0.001297 	-0.000030 
1656 	 180.00 	197.318374      48642 	 	0.028762 	0.001309 	-0.000031 
1664 	 184.00 	196.303246      47471 	 	0.028726 	0.001297 	-0.000029 
1672 	 188.00 	195.272045      47994 	 	0.028695 	0.001286 	-0.000028 
1680 	 192.00 	194.215886      48106 	 	0.028747 	0.001287 	-0.000029 
1688 	 196.00 	193.152832      47981 	 	0.028546 	0.001271 	-0.000028 
1696 	 200.00 	192.069743      49036 	 	0.028066 	0.001240 	-0.000027 
1704 	 204.00 	190.980386      49445 	 	0.027445 	0.001171 	-0.000024 
1712 	 208.00 	189.867913      49552 	 	0.027204 	0.001163 	-0.000023 
1720 	 212.00 	188.733593      49291 	 	0.027048 	0.001143 	-0.000022 
1728 	 216.00 	187.589746      49598 	 	0.026707 	0.001127 	-0.000022 
1736 	 220.00 	186.416262      49931 	 	0.026629 	0.001112 	-0.000021 
1744 	 224.00 	185.242201      48092 	 	0.026440 	0.001094 	-0.000021 
1752 	 228.00 	184.044001      49747 	 	0.026146 	0.001078 	-0.000020 
1760 	 232.00 	182.826822      50362 	 	0.025666 	0.001034 	-0.000019 
1768 	 236.00 	181.609640      48793 	 	0.025706 	0.001031 	-0.000018 
1776 	 240.00 	180.362175      48487 	 	0.025352 	0.001006 	-0.000018 
1784 	 244.00 	179.098496      48231 	 	0.025407 	0.001012 	-0.000018 
1792 	 248.00 	177.832017      49433 	 	0.025168 	0.001002 	-0.000017 
1800 	 252.00 	176.534251      49500 	 	0.024966 	0.000980 	-0.000017 
1808 	 256.00 	175.225055      49674 	 	0.024966 	0.000974 	-0.000016 
1816 	 260.00 	173.901556      50449 	 	0.024946 	0.000979 	-0.000017 
1824 	 264.00 	172.560633      49464 	 	0.024503 	0.000941 	-0.000015 
1832 	 268.00 	171.211623      49232 	 	0.024401 	0.000929 	-0.000014 
1840 	 272.00 	169.848367      48378 	 	0.024469 	0.000935 	-0.000015 
1848 	 276.00 	168.478440      48615 	 	0.024617 	0.000942 	-0.000015 
1856 	 280.00 	167.089450      49510 	 	0.024281 	0.000918 	-0.000014 
1864 	 284.00 	165.697303      49888 	 	0.024060 	0.000909 	-0.000014 
1872 	 288.00 	164.296709      48663 	 	0.023279 	0.000850 	-0.000013 
1880 	 292.00 	162.872761      48727 	 	0.023577 	0.000880 	-0.000014 
1888 	 296.00 	161.445342      46604 	 	0.023019 	0.000846 	-0.000013 
1896 	 300.00 	159.991795      46206 	 	0.022617 	0.000812 	-0.000012 
1904 	 304.00 	158.523958      47761 	 	0.022696 	0.000822 	-0.000012 
1912 	 308.00 	157.044340      48450 	 	0.022305 	0.000797 	-0.000011 
1920 	 312.00 	155.557971      46550 	 	0.022753 	0.000822 	-0.000012 
1928 	 316.00 	154.053611      48537 	 	0.022894 	0.000820 	-0.000012 
1936 	 320.00 	152.545893      47977 	 	0.022507 	0.000795 	-0.000011 
1944 	 324.00 	151.018494      46126 	 	0.022630 	0.000800 	-0.000011 
1952 	 328.00 	149.497028      45746 	 	0.022621 	0.000804 	-0.000011 
1960 	 332.00 	147.957583      43764 	 	0.022248 	0.000773 	-0.000010 
1968 	 336.00 	146.411223      45546 	 	0.021810 	0.000751 	-0.000010 
1976 	 340.00 	144.858940      45302 	 	0.021750 	0.000742 	-0.000010 
1984 	 344.00 	143.302015      44982 	 	0.022061 	0.000767 	-0.000010 
1992 	 348.00 	141.723070      44780 	 	0.021510 	0.000728 	-0.000009 
2000 	 352.00 	140.138432      44446 	 	0.021624 	0.000722 	-0.000009 
2008 	 356.00 	138.549218      43900 	 	0.021706 	0.000736 	-0.000009 
2016 	 360.00 	136.948321      42676 	 	0.021125 	0.000709 	-0.000009 
2024 	 364.00 	135.328236      43679 	 	0.020992 	0.000690 	-0.000008 
2032 	 368.00 	133.717181      41646 	 	0.021012 	0.000690 	-0.000008 
2040 	 372.00 	132.079601      42541 	 	0.021123 	0.000695 	-0.000008 
2048 	 376.00 	130.434917      43249 	 	0.020752 	0.000690 	-0.000008 
2056 	 380.00 	128.795371      43017 	 	0.020632 	0.000672 	-0.000008 
2064 	 384.00 	127.134183      44371 	 	0.020476 	0.000652 	-0.000007 
2072 	 388.00 	125.485965      43206 	 	0.020617 	0.000665 	-0.000008 
2080 	 392.00 	123.824597      45074 	 	0.019851 	0.000625 	-0.000007 
2088 	 396.00 	122.144663      44813 	 	0.020109 	0.000632 	-0.000007 
2096 	 400.00 	120.473626      44313 	 	0.020028 	0.000635 	-0.000007 
2104 	 404.00 	118.794594      45313 	 	0.019907 	0.000623 	-0.000007 
2112 	 408.00 	117.098610      45007 	 	0.019988 	0.000615 	-0.000006 
2120 	 412.00 	115.413671      46577 	 	0.019261 	0.000588 	-0.000006 
2128 	 416.00 	113.712537      47547 	 	0.019324 	0.000595 	-0.000006 
2136 	 420.00 	112.008176      47507 	 	0.019151 	0.000586 	-0.000006 
2144 	 424.00 	110.298558      47115 	 	0.019222 	0.000592 	-0.000006 
2152 	 428.00 	108.599816      46557 	 	0.019135 	0.000583 	-0.000006 
2160 	 432.00 	106.885205      46951 	 	0.018541 	0.000543 	-0.000005 
2168 	 436.00 	105.145368      48759 	 	0.018612 	0.000548 	-0.000005 
2176 	 440.00 	103.435068      49140 	 	0.017891 	0.000512 	-0.000005 
2184 	 444.00 	101.712776      49540 	 	0.018667 	0.000549 	-0.000005 
2192 	 448.00 	99.980192      52051 	 	0.018632 	0.000551 	-0.000005 
2200 	 452.00 	98.255627      50885 	 	0.017967 	0.000517 	-0.000005 
2208 	 456.00 	96.520842      52785 	 	0.017854 	0.000505 	-0.000004 
2216 	 460.00 	94.780593      52881 	 	0.017682 	0.000499 	-0.000004 
2224 	 464.00 	93.052828      54437 	 	0.017843 	0.000501 	-0.000004 
2232 	 468.00 	91.295505      54801 	 	0.017536 	0.000482 	-0.000004 
2240 	 472.00 	89.539554      56419 	 	0.017349 	0.000471 	-0.000004 
2248 	 476.00 	87.768862      58089 	 	0.017103 	0.000457 	-0.000004 
2256 	 480.00 	86.012198      59863 	 	0.016761 	0.000438 	-0.000003 
2264 	 484.00 	84.245416      58381 	 	0.016810 	0.000442 	-0.000003 
2272 	 488.00 	82.461551      59160 	 	0.016852 	0.000443 	-0.000003 
2280 	 492.00 	80.685568      58337 	 	0.016497 	0.000427 	-0.000003 
2288 	 496.00 	78.900162      58734 	 	0.015974 	0.000412 	-0.000003 
2296 	 500.00 	77.124487      58562 	 	0.016427 	0.000431 	-0.000003 
2304 	 504.00 	75.320278      56703 	 	0.016286 	0.000423 	-0.000003 
2312 	 508.00 	73.528342      58095 	 	0.015922 	0.000403 	-0.000003 
2320 	 512.00 	71.706081      58175 	 	0.015838 	0.000399 	-0.000003 
2328 	 516.00 	69.893217      60270 	 	0.015667 	0.000390 	-0.000003 
2336 	 520.00 	68.073570      57339 	 	0.015277 	0.000372 	-0.000002 
2344 	 524.00 	66.223079      57808 	 	0.015247 	0.000376 	-0.000002 
2352 	 528.00 	64.388668      60567 	 	0.014723 	0.000348 	-0.000002 
2360 	 532.00 	62.529619      56662 	 	0.014657 	0.000339 	-0.000002 
2368 	 536.00 	60.670777      56288 	 	0.014319 	0.000328 	-0.000002 
2376 	 540.00 	58.793642      55535 	 	0.014032 	0.000313 	-0.000002 
2384 	 544.00 	56.885384      55598 	 	0.013750 	0.000305 	-0.000002 
2392 	 548.00 	54.968992      56217 	 	0.013821 	0.000300 	-0.000001 
2400 	 552.00 	53.055453      56157 	 	0.013579 	0.000293 	-0.000001 
2408 	 556.00 	51.115739      55299 	 	0.013350 	0.000283 	-0.000001 
2416 	 560.00 	49.194361      56815 	 	0.013278 	0.000282 	-0.000001 
2424 	 564.00 	47.210342      58151 	 	0.013320 	0.000284 	-0.000001 
2432 	 568.00 	45.262809      57911 	 	0.012761 	0.000261 	-0.000001 
2440 	 572.00 	43.265364      56667 	 	0.012707 	0.000258 	-0.000001 
2448 	 576.00 	41.305090      56781 	 	0.012157 	0.000236 	-0.000001 
2456 	 580.00 	39.252665      57758 	 	0.011776 	0.000223 	-0.000001 
2464 	 584.00 	37.224535      59038 	 	0.011662 	0.000222 	-0.000001 
2472 	 588.00 	35.167089      57344 	 	0.011009 	0.000200 	-0.000001 
2480 	 592.00 	33.132655      55973 	 	0.011113 	0.000197 	-0.000001 
2488 	 596.00 	30.939517      56965 	 	0.010679 	0.000179 	-0.000001 
2496 	 600.00 	28.895780      57433 	 	0.010492 	0.000172 	-0.000000 
2504 	 604.00 	26.614401      57146 	 	0.009438 	0.000147 	-0.000000 
2512 	 608.00 	24.580842      58428 	 	0.009692 	0.000150 	-0.000000 
2520 	 612.00 	22.108390      55625 	 	0.008668 	0.000107 	-0.000000 
2528 	 616.00 	20.134179      61793 	 	0.009006 	0.000136 	-0.000000 
2536 	 620.00 	17.311068      55083 	 	0.006278 	0.000076 	-0.000000 
2544 	 624.00 	15.571371      58853 	 	0.008694 	0.000109 	-0.000000 
2552 	 628.00 	12.194913      56387 	 	0.005946 	0.000037 	-0.000000 
2560 	 632.00 	10.796705      54988 	 	0.006625 	0.000080 	-0.000000 
2568 	 636.00 	6.405748      53200 	 	0.000000 	0.000000 	-0.000000 
2576 	 640.00 	5.704134      48738 	 	0.006173 	0.000038 	-0.000000 
2592 	 648.00 	-0.080313      57251 	 	0.000000 	0.000000 	-0.000000 
