#i 	E(i) 	 	log[g(E)] 	  H(E) 	 	<M> 	 	<M^2> 	 	<M^4>
#----------------------------------------------------------------------------------------------------
0 	 -1800.00 	0.000000     277233 	 	1.000000 	1.000000 	-636.992587 
16 	 -1792.00 	6.842548     286258 	 	0.997778 	0.995560 	-631.349276 
24 	 -1788.00 	7.531394     288065 	 	0.995556 	0.991131 	-625.743546 
32 	 -1784.00 	12.959089     293126 	 	0.995518 	0.991057 	-625.650258 
40 	 -1780.00 	14.325330     286594 	 	0.993267 	0.986579 	-620.009760 
48 	 -1776.00 	18.689230     298708 	 	0.993202 	0.986450 	-619.847372 
56 	 -1772.00 	20.467381     290535 	 	0.990977 	0.982035 	-614.312259 
64 	 -1768.00 	24.179131     293613 	 	0.990774 	0.981634 	-613.811882 
72 	 -1764.00 	26.203515     288248 	 	0.988621 	0.977373 	-608.494227 
80 	 -1760.00 	29.487091     289690 	 	0.988264 	0.976668 	-607.618435 
88 	 -1756.00 	31.661669     283006 	 	0.986194 	0.972580 	-602.542808 
96 	 -1752.00 	34.640571     289762 	 	0.985676 	0.971559 	-601.280223 
104 	 -1748.00 	36.914964     289587 	 	0.983702 	0.967671 	-596.477432 
112 	 -1744.00 	39.687867     285577 	 	0.983036 	0.966363 	-594.868794 
120 	 -1740.00 	42.034633     273619 	 	0.981220 	0.962797 	-590.484953 
128 	 -1736.00 	44.644484     281935 	 	0.980280 	0.960954 	-588.231824 
136 	 -1732.00 	47.020737     286050 	 	0.978589 	0.957640 	-584.179732 
144 	 -1728.00 	49.528632     282530 	 	0.977492 	0.955496 	-581.571658 
152 	 -1724.00 	51.889337     275458 	 	0.975857 	0.952303 	-577.690413 
160 	 -1720.00 	54.321883     278189 	 	0.974726 	0.950099 	-575.021803 
168 	 -1716.00 	56.662496     274454 	 	0.973169 	0.947064 	-571.356407 
176 	 -1712.00 	59.032225     269443 	 	0.971982 	0.944757 	-568.577451 
184 	 -1708.00 	61.345979     276030 	 	0.970351 	0.941591 	-564.777978 
192 	 -1704.00 	63.684612     270840 	 	0.968974 	0.938923 	-561.586147 
200 	 -1700.00 	65.965851     265319 	 	0.967483 	0.936035 	-558.136591 
208 	 -1696.00 	68.267834     262627 	 	0.966166 	0.933489 	-555.107573 
216 	 -1692.00 	70.520580     271331 	 	0.964673 	0.930607 	-551.687503 
224 	 -1688.00 	72.783597     266072 	 	0.963248 	0.927861 	-548.439191 
232 	 -1684.00 	75.023784     265364 	 	0.961619 	0.924729 	-544.749181 
240 	 -1680.00 	77.255377     267147 	 	0.960136 	0.921881 	-541.401296 
248 	 -1676.00 	79.471020     261980 	 	0.958676 	0.919081 	-538.123424 
256 	 -1672.00 	81.679677     262739 	 	0.957191 	0.916237 	-534.798858 
264 	 -1668.00 	83.884896     262332 	 	0.955557 	0.913112 	-531.159472 
272 	 -1664.00 	86.069457     253873 	 	0.953952 	0.910051 	-527.611954 
280 	 -1660.00 	88.232335     265657 	 	0.952335 	0.906970 	-524.050851 
288 	 -1656.00 	90.410461     259661 	 	0.950530 	0.903540 	-520.105243 
296 	 -1652.00 	92.558176     266226 	 	0.949063 	0.900753 	-516.902527 
304 	 -1648.00 	94.700161     263569 	 	0.947304 	0.897423 	-513.099733 
312 	 -1644.00 	96.826254     262871 	 	0.945780 	0.894537 	-509.804270 
320 	 -1640.00 	98.952327     263385 	 	0.944210 	0.891572 	-506.433862 
328 	 -1636.00 	101.065219     264615 	 	0.942609 	0.888552 	-503.010618 
336 	 -1632.00 	103.170015     265898 	 	0.940924 	0.885382 	-499.440743 
344 	 -1628.00 	105.278319     259030 	 	0.939401 	0.882519 	-496.215871 
352 	 -1624.00 	107.358512     262312 	 	0.937607 	0.879158 	-492.457085 
360 	 -1620.00 	109.442279     258894 	 	0.935840 	0.875850 	-488.763548 
368 	 -1616.00 	111.497638     266363 	 	0.934162 	0.872718 	-485.286914 
376 	 -1612.00 	113.570762     257962 	 	0.932462 	0.869546 	-481.770956 
384 	 -1608.00 	115.624017     261087 	 	0.930828 	0.866507 	-478.421838 
392 	 -1604.00 	117.671074     261279 	 	0.928897 	0.862918 	-474.471528 
400 	 -1600.00 	119.715679     256129 	 	0.927309 	0.859979 	-471.261981 
408 	 -1596.00 	121.743820     257945 	 	0.925379 	0.856409 	-467.370468 
416 	 -1592.00 	123.766531     253522 	 	0.923300 	0.852572 	-463.206698 
424 	 -1588.00 	125.779778     247374 	 	0.921744 	0.849701 	-460.093329 
432 	 -1584.00 	127.792248     258298 	 	0.919952 	0.846401 	-456.529492 
440 	 -1580.00 	129.808690     255489 	 	0.918022 	0.842862 	-452.738146 
448 	 -1576.00 	131.807973     256387 	 	0.916062 	0.839273 	-448.904515 
456 	 -1572.00 	133.810496     252739 	 	0.914204 	0.835877 	-445.289935 
464 	 -1568.00 	135.801450     250536 	 	0.912290 	0.832390 	-441.598854 
472 	 -1564.00 	137.778563     245654 	 	0.910223 	0.828635 	-437.652121 
480 	 -1560.00 	139.753403     248954 	 	0.908052 	0.824708 	-433.552494 
488 	 -1556.00 	141.724398     239846 	 	0.906183 	0.821319 	-430.003204 
496 	 -1552.00 	143.693700     239471 	 	0.903907 	0.817216 	-425.751394 
504 	 -1548.00 	145.660462     239150 	 	0.901610 	0.813097 	-421.525802 
512 	 -1544.00 	147.610076     230564 	 	0.899322 	0.808992 	-417.313607 
520 	 -1540.00 	149.564314     231967 	 	0.896979 	0.804809 	-413.061616 
528 	 -1536.00 	151.509339     234211 	 	0.894698 	0.800740 	-408.934142 
536 	 -1532.00 	153.444451     240020 	 	0.892451 	0.796745 	-404.908404 
544 	 -1528.00 	155.388495     233784 	 	0.890139 	0.792636 	-400.766666 
552 	 -1524.00 	157.313679     232159 	 	0.888200 	0.789193 	-397.306130 
560 	 -1520.00 	159.242698     234606 	 	0.886170 	0.785589 	-393.682579 
568 	 -1516.00 	161.160154     238441 	 	0.883857 	0.781520 	-389.664101 
576 	 -1512.00 	163.068986     237615 	 	0.882018 	0.778263 	-386.410891 
584 	 -1508.00 	164.979477     239692 	 	0.879520 	0.773897 	-382.154978 
592 	 -1504.00 	166.887520     243457 	 	0.877301 	0.770007 	-378.341120 
600 	 -1500.00 	168.786502     238565 	 	0.874736 	0.765544 	-374.020917 
608 	 -1496.00 	170.685523     239049 	 	0.872035 	0.760877 	-369.566190 
616 	 -1492.00 	172.575671     238527 	 	0.870275 	0.757769 	-366.493214 
624 	 -1488.00 	174.465702     241108 	 	0.867586 	0.753173 	-362.189845 
632 	 -1484.00 	176.350518     237576 	 	0.864848 	0.748463 	-357.737607 
640 	 -1480.00 	178.223262     243164 	 	0.862464 	0.744373 	-353.898015 
648 	 -1476.00 	180.104854     245232 	 	0.860027 	0.740204 	-349.998280 
656 	 -1472.00 	181.970661     248372 	 	0.857079 	0.735202 	-345.394193 
664 	 -1468.00 	183.849489     242878 	 	0.854271 	0.730467 	-341.079646 
672 	 -1464.00 	185.710542     247774 	 	0.851945 	0.726509 	-337.424758 
680 	 -1460.00 	187.571885     248170 	 	0.849130 	0.721779 	-333.150479 
688 	 -1456.00 	189.435243     252398 	 	0.846477 	0.717299 	-329.066621 
696 	 -1452.00 	191.289824     251000 	 	0.844019 	0.713179 	-325.365032 
704 	 -1448.00 	193.142811     251767 	 	0.841599 	0.709125 	-321.723639 
712 	 -1444.00 	194.990166     255070 	 	0.838188 	0.703467 	-316.736470 
720 	 -1440.00 	196.842111     253454 	 	0.835603 	0.699252 	-313.122476 
728 	 -1436.00 	198.689914     253519 	 	0.832865 	0.694676 	-309.047329 
736 	 -1432.00 	200.530216     251822 	 	0.829439 	0.689079 	-304.254428 
744 	 -1428.00 	202.369560     246440 	 	0.826716 	0.684651 	-300.489413 
752 	 -1424.00 	204.201726     250903 	 	0.823622 	0.679568 	-296.103715 
760 	 -1420.00 	206.026799     252715 	 	0.820433 	0.674417 	-291.783473 
768 	 -1416.00 	207.865075     250655 	 	0.817429 	0.669519 	-287.614889 
776 	 -1412.00 	209.682729     251733 	 	0.814130 	0.664237 	-283.262534 
784 	 -1408.00 	211.503189     247900 	 	0.811903 	0.660621 	-280.202375 
792 	 -1404.00 	213.322923     247956 	 	0.808386 	0.654990 	-275.571613 
800 	 -1400.00 	215.135243     245977 	 	0.804878 	0.649427 	-271.076864 
808 	 -1396.00 	216.946570     241477 	 	0.800812 	0.643047 	-266.008886 
816 	 -1392.00 	218.761732     239236 	 	0.798692 	0.639651 	-263.209767 
824 	 -1388.00 	220.567743     240709 	 	0.794637 	0.633195 	-257.975538 
832 	 -1384.00 	222.375848     236414 	 	0.791360 	0.628181 	-254.137192 
840 	 -1380.00 	224.179079     240185 	 	0.787777 	0.622747 	-249.975192 
848 	 -1376.00 	225.978921     235513 	 	0.784312 	0.617452 	-245.929923 
856 	 -1372.00 	227.775325     236923 	 	0.780905 	0.612105 	-241.762515 
864 	 -1368.00 	229.573382     232573 	 	0.776515 	0.605330 	-236.609092 
872 	 -1364.00 	231.362513     232842 	 	0.773012 	0.600008 	-232.632671 
880 	 -1360.00 	233.150912     232637 	 	0.769977 	0.595391 	-229.181354 
888 	 -1356.00 	234.935966     230412 	 	0.765517 	0.588690 	-224.271721 
896 	 -1352.00 	236.721336     231091 	 	0.762091 	0.583548 	-220.473602 
904 	 -1348.00 	238.499714     235194 	 	0.757432 	0.576844 	-215.819795 
912 	 -1344.00 	240.283726     235491 	 	0.752570 	0.569728 	-210.750495 
920 	 -1340.00 	242.059629     233021 	 	0.747503 	0.562443 	-205.810288 
928 	 -1336.00 	243.844161     230183 	 	0.743274 	0.556291 	-201.511973 
936 	 -1332.00 	245.617499     234277 	 	0.737666 	0.548321 	-196.162198 
944 	 -1328.00 	247.398381     226862 	 	0.733228 	0.542212 	-192.179993 
952 	 -1324.00 	249.172300     227367 	 	0.727438 	0.534281 	-187.086335 
960 	 -1320.00 	250.948268     228634 	 	0.721590 	0.526309 	-181.987214 
968 	 -1316.00 	252.710325     235742 	 	0.718280 	0.521483 	-178.776379 
976 	 -1312.00 	254.480228     236710 	 	0.711694 	0.513007 	-173.746561 
984 	 -1308.00 	256.240844     240625 	 	0.704228 	0.503768 	-168.402561 
992 	 -1304.00 	258.010209     232561 	 	0.699986 	0.498240 	-165.208022 
1000 	 -1300.00 	259.771434     233602 	 	0.694337 	0.491089 	-160.998065 
1008 	 -1296.00 	261.534156     230083 	 	0.689834 	0.484858 	-157.122981 
1016 	 -1292.00 	263.291183     228173 	 	0.682850 	0.476478 	-152.608274 
1024 	 -1288.00 	265.049978     228740 	 	0.677898 	0.470211 	-149.047947 
1032 	 -1284.00 	266.803357     230687 	 	0.669935 	0.461148 	-144.514317 
1040 	 -1280.00 	268.558017     230224 	 	0.662904 	0.452417 	-139.732546 
1048 	 -1276.00 	270.309085     231616 	 	0.654087 	0.442493 	-134.901458 
1056 	 -1272.00 	272.063458     234640 	 	0.648531 	0.435381 	-130.938749 
1064 	 -1268.00 	273.811232     232015 	 	0.639850 	0.426323 	-126.784742 
1072 	 -1264.00 	275.560107     232860 	 	0.633266 	0.418671 	-122.839692 
1080 	 -1260.00 	277.308284     232887 	 	0.623869 	0.408582 	-118.163589 
1088 	 -1256.00 	279.050169     236344 	 	0.617754 	0.400774 	-114.022020 
1096 	 -1252.00 	280.794136     236960 	 	0.606948 	0.389262 	-108.720668 
1104 	 -1248.00 	282.538781     236820 	 	0.599116 	0.380697 	-104.833006 
1112 	 -1244.00 	284.280098     242369 	 	0.590919 	0.372394 	-101.188123 
1120 	 -1240.00 	286.017124     238426 	 	0.581301 	0.362567 	-97.034423 
1128 	 -1236.00 	287.759995     238366 	 	0.573603 	0.354970 	-93.817689 
1136 	 -1232.00 	289.492622     240338 	 	0.564620 	0.345360 	-89.528248 
1144 	 -1228.00 	291.225713     238649 	 	0.557261 	0.338189 	-86.617750 
1152 	 -1224.00 	292.958904     241202 	 	0.549842 	0.330415 	-83.229262 
1160 	 -1220.00 	294.694079     240259 	 	0.541045 	0.321752 	-79.838152 
1168 	 -1216.00 	296.421486     244640 	 	0.530617 	0.311013 	-75.469590 
1176 	 -1212.00 	298.147534     244277 	 	0.522368 	0.302472 	-72.060727 
1184 	 -1208.00 	299.875479     244379 	 	0.511259 	0.291826 	-68.076190 
1192 	 -1204.00 	301.607325     245874 	 	0.504010 	0.284438 	-65.188635 
1200 	 -1200.00 	303.327891     246000 	 	0.495559 	0.276123 	-61.934593 
1208 	 -1196.00 	305.055273     248192 	 	0.482734 	0.264284 	-57.907906 
1216 	 -1192.00 	306.779405     250931 	 	0.475159 	0.257691 	-55.677758 
1224 	 -1188.00 	308.503840     252530 	 	0.465121 	0.248428 	-52.489570 
1232 	 -1184.00 	310.224055     249314 	 	0.455708 	0.239892 	-49.567998 
1240 	 -1180.00 	311.940889     251182 	 	0.447492 	0.233156 	-47.550397 
1248 	 -1176.00 	313.657509     254462 	 	0.439434 	0.225614 	-45.014037 
1256 	 -1172.00 	315.370116     258893 	 	0.430240 	0.217950 	-42.567233 
1264 	 -1168.00 	317.083698     259457 	 	0.419959 	0.209403 	-40.008542 
1272 	 -1164.00 	318.794079     258921 	 	0.409107 	0.200321 	-37.218321 
1280 	 -1160.00 	320.506964     260553 	 	0.399108 	0.192644 	-35.006016 
1288 	 -1156.00 	322.220369     259675 	 	0.391507 	0.186670 	-33.293311 
1296 	 -1152.00 	323.927178     262366 	 	0.381823 	0.178956 	-31.162452 
1304 	 -1148.00 	325.632910     264731 	 	0.374478 	0.172918 	-29.394101 
1312 	 -1144.00 	327.337179     266075 	 	0.367301 	0.167576 	-27.969381 
1320 	 -1140.00 	329.034697     267920 	 	0.361425 	0.162552 	-26.528135 
1328 	 -1136.00 	330.740100     271426 	 	0.353658 	0.156298 	-24.817288 
1336 	 -1132.00 	332.440591     270246 	 	0.347596 	0.152046 	-23.727798 
1344 	 -1128.00 	334.136632     273906 	 	0.341396 	0.147362 	-22.580384 
1352 	 -1124.00 	335.829979     270150 	 	0.334467 	0.142339 	-21.293387 
1360 	 -1120.00 	337.519545     269278 	 	0.328546 	0.138043 	-20.242654 
1368 	 -1116.00 	339.206522     269535 	 	0.321571 	0.133427 	-19.226094 
1376 	 -1112.00 	340.893797     266997 	 	0.318170 	0.130765 	-18.471593 
1384 	 -1108.00 	342.575150     272797 	 	0.309317 	0.124940 	-17.230392 
1392 	 -1104.00 	344.253615     273714 	 	0.301364 	0.119632 	-16.121451 
1400 	 -1100.00 	345.934408     279174 	 	0.296637 	0.116434 	-15.416242 
1408 	 -1096.00 	347.612993     280861 	 	0.289549 	0.111767 	-14.468793 
1416 	 -1092.00 	349.286499     277654 	 	0.284648 	0.108602 	-13.771072 
1424 	 -1088.00 	350.962396     277254 	 	0.280515 	0.105592 	-13.029389 
1432 	 -1084.00 	352.635535     278861 	 	0.276487 	0.102700 	-12.345365 
1440 	 -1080.00 	354.305180     279778 	 	0.271480 	0.099637 	-11.776850 
1448 	 -1076.00 	355.967476     285155 	 	0.268332 	0.097666 	-11.394755 
1456 	 -1072.00 	357.633041     286049 	 	0.264978 	0.095384 	-10.911661 
1464 	 -1068.00 	359.289441     288905 	 	0.263304 	0.093862 	-10.503760 
1472 	 -1064.00 	360.947640     284138 	 	0.256440 	0.089602 	-9.740278 
1480 	 -1060.00 	362.602263     288651 	 	0.251311 	0.086633 	-9.218091 
1488 	 -1056.00 	364.254810     292346 	 	0.247741 	0.083929 	-8.681662 
1496 	 -1052.00 	365.902980     295771 	 	0.243659 	0.081853 	-8.364656 
1504 	 -1048.00 	367.548263     290365 	 	0.238957 	0.079076 	-7.883661 
1512 	 -1044.00 	369.195801     292469 	 	0.234375 	0.076296 	-7.393695 
1520 	 -1040.00 	370.836281     296744 	 	0.231406 	0.074669 	-7.155054 
1528 	 -1036.00 	372.478672     295026 	 	0.226176 	0.071932 	-6.743360 
1536 	 -1032.00 	374.117322     292492 	 	0.223398 	0.069981 	-6.371304 
1544 	 -1028.00 	375.743120     293215 	 	0.218640 	0.067585 	-6.041459 
1552 	 -1024.00 	377.371318     288736 	 	0.215564 	0.066054 	-5.834070 
1560 	 -1020.00 	378.997144     289246 	 	0.213609 	0.064896 	-5.635681 
1568 	 -1016.00 	380.621464     290712 	 	0.211055 	0.063375 	-5.390989 
1576 	 -1012.00 	382.237502     284994 	 	0.207790 	0.061640 	-5.154204 
1584 	 -1008.00 	383.849999     287952 	 	0.205664 	0.060348 	-4.966130 
1592 	 -1004.00 	385.464987     286372 	 	0.203160 	0.058972 	-4.763508 
1600 	 -1000.00 	387.073114     283749 	 	0.200105 	0.057284 	-4.498272 
1608 	 -996.00 	388.675073     285870 	 	0.198250 	0.056330 	-4.386893 
1616 	 -992.00 	390.277527     285702 	 	0.194900 	0.054523 	-4.140646 
1624 	 -988.00 	391.876106     285401 	 	0.191060 	0.052768 	-3.937102 
1632 	 -984.00 	393.470103     284233 	 	0.189004 	0.051499 	-3.741423 
1640 	 -980.00 	395.065128     283987 	 	0.188231 	0.051088 	-3.676275 
1648 	 -976.00 	396.652327     281276 	 	0.184317 	0.049374 	-3.487855 
1656 	 -972.00 	398.237486     278817 	 	0.182029 	0.048186 	-3.336848 
1664 	 -968.00 	399.815903     281277 	 	0.179218 	0.047018 	-3.234414 
1672 	 -964.00 	401.394146     280394 	 	0.175207 	0.045030 	-2.977496 
1680 	 -960.00 	402.965886     278889 	 	0.172448 	0.043505 	-2.780579 
1688 	 -956.00 	404.540358     273201 	 	0.171251 	0.043027 	-2.737373 
1696 	 -952.00 	406.107857     277777 	 	0.167788 	0.041560 	-2.564345 
1704 	 -948.00 	407.670131     279119 	 	0.166271 	0.040831 	-2.493660 
1712 	 -944.00 	409.233528     275292 	 	0.163423 	0.039667 	-2.384287 
1720 	 -940.00 	410.792092     273351 	 	0.160787 	0.038403 	-2.237979 
1728 	 -936.00 	412.344692     275505 	 	0.157342 	0.036831 	-2.066678 
1736 	 -932.00 	413.898769     274372 	 	0.155553 	0.036026 	-1.990342 
1744 	 -928.00 	415.444645     273824 	 	0.153356 	0.034997 	-1.874810 
1752 	 -924.00 	416.988382     274933 	 	0.150278 	0.033706 	-1.764009 
1760 	 -920.00 	418.525483     279958 	 	0.148059 	0.032758 	-1.662715 
1768 	 -916.00 	420.060237     280863 	 	0.145562 	0.031798 	-1.591408 
1776 	 -912.00 	421.591829     281138 	 	0.144686 	0.031592 	-1.595680 
1784 	 -908.00 	423.119515     282541 	 	0.142261 	0.030541 	-1.481321 
1792 	 -904.00 	424.640160     284122 	 	0.140622 	0.029839 	-1.422495 
1800 	 -900.00 	426.161719     283009 	 	0.138746 	0.029028 	-1.342622 
1808 	 -896.00 	427.681607     285026 	 	0.136592 	0.028193 	-1.279701 
1816 	 -892.00 	429.192244     284416 	 	0.135867 	0.027757 	-1.230459 
1824 	 -888.00 	430.704401     282042 	 	0.133518 	0.026890 	-1.165691 
1832 	 -884.00 	432.204391     286358 	 	0.131423 	0.026133 	-1.112274 
1840 	 -880.00 	433.705390     287667 	 	0.129237 	0.025356 	-1.054994 
1848 	 -876.00 	435.204359     289164 	 	0.127643 	0.024649 	-0.985907 
1856 	 -872.00 	436.696372     289791 	 	0.125213 	0.023837 	-0.935472 
1864 	 -868.00 	438.183883     290931 	 	0.124803 	0.023626 	-0.915825 
1872 	 -864.00 	439.667704     289986 	 	0.122711 	0.022914 	-0.868623 
1880 	 -860.00 	441.146314     292651 	 	0.120496 	0.022172 	-0.821986 
1888 	 -856.00 	442.620595     292603 	 	0.119295 	0.021857 	-0.803478 
1896 	 -852.00 	444.091153     291694 	 	0.116461 	0.020895 	-0.738763 
1904 	 -848.00 	445.554979     294790 	 	0.115136 	0.020430 	-0.712204 
1912 	 -844.00 	447.020506     297941 	 	0.113550 	0.019867 	-0.669993 
1920 	 -840.00 	448.478584     296823 	 	0.113900 	0.019771 	-0.650363 
1928 	 -836.00 	449.933877     294814 	 	0.112608 	0.019331 	-0.627043 
1936 	 -832.00 	451.385614     294244 	 	0.112352 	0.019101 	-0.604670 
1944 	 -828.00 	452.830830     296467 	 	0.110328 	0.018552 	-0.580238 
1952 	 -824.00 	454.272581     292903 	 	0.108558 	0.018075 	-0.556452 
1960 	 -820.00 	455.708831     294414 	 	0.108177 	0.017944 	-0.545663 
1968 	 -816.00 	457.143350     294892 	 	0.106505 	0.017468 	-0.522184 
1976 	 -812.00 	458.574434     294488 	 	0.105115 	0.017026 	-0.491415 
1984 	 -808.00 	460.002025     291493 	 	0.103686 	0.016632 	-0.477250 
1992 	 -804.00 	461.420995     291077 	 	0.103076 	0.016444 	-0.465854 
2000 	 -800.00 	462.838538     288708 	 	0.101941 	0.016102 	-0.449786 
2008 	 -796.00 	464.248789     288981 	 	0.102630 	0.016212 	-0.449920 
2016 	 -792.00 	465.655200     286639 	 	0.101755 	0.015954 	-0.431911 
2024 	 -788.00 	467.055462     289169 	 	0.101680 	0.015892 	-0.428616 
2032 	 -784.00 	468.450814     287652 	 	0.101408 	0.015805 	-0.420874 
2040 	 -780.00 	469.843697     287458 	 	0.099853 	0.015435 	-0.407331 
2048 	 -776.00 	471.232432     285146 	 	0.099558 	0.015314 	-0.401648 
2056 	 -772.00 	472.613508     287463 	 	0.098419 	0.014986 	-0.386385 
2064 	 -768.00 	473.991636     288310 	 	0.097518 	0.014739 	-0.374307 
2072 	 -764.00 	475.366036     288630 	 	0.096359 	0.014347 	-0.355366 
2080 	 -760.00 	476.733097     293199 	 	0.095216 	0.013967 	-0.336023 
2088 	 -756.00 	478.094057     293005 	 	0.094142 	0.013658 	-0.320548 
2096 	 -752.00 	479.452524     294302 	 	0.093462 	0.013434 	-0.311573 
2104 	 -748.00 	480.807413     294584 	 	0.092216 	0.013108 	-0.299305 
2112 	 -744.00 	482.158168     293414 	 	0.092031 	0.012998 	-0.292007 
2120 	 -740.00 	483.500390     297284 	 	0.091090 	0.012732 	-0.280239 
2128 	 -736.00 	484.841183     293496 	 	0.089970 	0.012387 	-0.264845 
2136 	 -732.00 	486.178073     291754 	 	0.089461 	0.012198 	-0.254604 
2144 	 -728.00 	487.506607     294796 	 	0.088549 	0.012015 	-0.251852 
2152 	 -724.00 	488.830392     294810 	 	0.087836 	0.011789 	-0.241039 
2160 	 -720.00 	490.150665     289855 	 	0.087749 	0.011767 	-0.239191 
2168 	 -716.00 	491.464492     286647 	 	0.086473 	0.011394 	-0.222825 
2176 	 -712.00 	492.775759     286916 	 	0.086102 	0.011330 	-0.222405 
2184 	 -708.00 	494.080418     285340 	 	0.084878 	0.011043 	-0.212510 
2192 	 -704.00 	495.378467     282833 	 	0.083727 	0.010773 	-0.205195 
2200 	 -700.00 	496.670862     284470 	 	0.083002 	0.010605 	-0.199002 
2208 	 -696.00 	497.956976     287073 	 	0.082571 	0.010439 	-0.190247 
2216 	 -692.00 	499.238361     286210 	 	0.081894 	0.010284 	-0.185837 
2224 	 -688.00 	500.513745     288500 	 	0.080944 	0.010052 	-0.178170 
2232 	 -684.00 	501.782706     288911 	 	0.079534 	0.009734 	-0.166931 
2240 	 -680.00 	503.047398     291224 	 	0.078624 	0.009556 	-0.160833 
2248 	 -676.00 	504.310461     287789 	 	0.077711 	0.009319 	-0.152892 
2256 	 -672.00 	505.570087     286038 	 	0.077350 	0.009200 	-0.147754 
2264 	 -668.00 	506.820954     287453 	 	0.076957 	0.009112 	-0.145306 
2272 	 -664.00 	508.068614     287347 	 	0.076002 	0.008907 	-0.138866 
2280 	 -660.00 	509.310035     290122 	 	0.075120 	0.008685 	-0.132217 
2288 	 -656.00 	510.545270     289632 	 	0.075041 	0.008632 	-0.129231 
2296 	 -652.00 	511.773188     290924 	 	0.074420 	0.008502 	-0.126795 
2304 	 -648.00 	512.996016     289690 	 	0.074169 	0.008441 	-0.125723 
2312 	 -644.00 	514.213138     292165 	 	0.073665 	0.008334 	-0.122753 
2320 	 -640.00 	515.425121     291456 	 	0.073254 	0.008256 	-0.121243 
2328 	 -636.00 	516.631972     296558 	 	0.072567 	0.008107 	-0.117464 
2336 	 -632.00 	517.832217     293111 	 	0.072111 	0.008017 	-0.115144 
2344 	 -628.00 	519.030704     293332 	 	0.071531 	0.007870 	-0.109750 
2352 	 -624.00 	520.222454     288048 	 	0.071338 	0.007804 	-0.107005 
2360 	 -620.00 	521.405181     290745 	 	0.071234 	0.007724 	-0.103420 
2368 	 -616.00 	522.584097     293097 	 	0.070676 	0.007604 	-0.100475 
2376 	 -612.00 	523.757978     291527 	 	0.069865 	0.007429 	-0.095695 
2384 	 -608.00 	524.923399     289961 	 	0.068904 	0.007265 	-0.093161 
2392 	 -604.00 	526.087471     288462 	 	0.068265 	0.007121 	-0.090702 
2400 	 -600.00 	527.243962     291266 	 	0.067169 	0.006937 	-0.086883 
2408 	 -596.00 	528.398369     291249 	 	0.066643 	0.006814 	-0.082981 
2416 	 -592.00 	529.543328     292786 	 	0.066158 	0.006725 	-0.081172 
2424 	 -588.00 	530.684593     290367 	 	0.065334 	0.006575 	-0.079374 
2432 	 -584.00 	531.819832     294167 	 	0.065242 	0.006541 	-0.078383 
2440 	 -580.00 	532.945476     294465 	 	0.064708 	0.006431 	-0.075187 
2448 	 -576.00 	534.068760     292248 	 	0.064137 	0.006348 	-0.074816 
2456 	 -572.00 	535.184838     290513 	 	0.063541 	0.006229 	-0.071778 
2464 	 -568.00 	536.294914     289497 	 	0.062770 	0.006083 	-0.067947 
2472 	 -564.00 	537.400311     288097 	 	0.062307 	0.005978 	-0.065058 
2480 	 -560.00 	538.496642     289106 	 	0.061305 	0.005804 	-0.061685 
2488 	 -556.00 	539.588854     289785 	 	0.060913 	0.005709 	-0.059062 
2496 	 -552.00 	540.676092     287504 	 	0.060465 	0.005610 	-0.056406 
2504 	 -548.00 	541.754821     285678 	 	0.059872 	0.005508 	-0.054619 
2512 	 -544.00 	542.827496     285759 	 	0.059424 	0.005461 	-0.053886 
2520 	 -540.00 	543.891338     286191 	 	0.059094 	0.005394 	-0.052621 
2528 	 -536.00 	544.951826     286090 	 	0.058425 	0.005278 	-0.050490 
2536 	 -532.00 	546.007832     286909 	 	0.057799 	0.005180 	-0.048882 
2544 	 -528.00 	547.057542     288769 	 	0.057538 	0.005135 	-0.048357 
2552 	 -524.00 	548.099726     283060 	 	0.056899 	0.005051 	-0.047228 
2560 	 -520.00 	549.132815     285548 	 	0.056468 	0.004979 	-0.045966 
2568 	 -516.00 	550.163556     286214 	 	0.055851 	0.004854 	-0.043519 
2576 	 -512.00 	551.188962     286976 	 	0.055570 	0.004802 	-0.042123 
2584 	 -508.00 	552.204444     287184 	 	0.055035 	0.004712 	-0.040786 
2592 	 -504.00 	553.212280     288038 	 	0.054722 	0.004645 	-0.039187 
2600 	 -500.00 	554.212704     289423 	 	0.054460 	0.004580 	-0.037707 
2608 	 -496.00 	555.209922     286714 	 	0.054159 	0.004523 	-0.036476 
2616 	 -492.00 	556.200742     290572 	 	0.053699 	0.004459 	-0.035467 
2624 	 -488.00 	557.182969     290020 	 	0.053374 	0.004399 	-0.034504 
2632 	 -484.00 	558.161104     288516 	 	0.053005 	0.004353 	-0.034228 
2640 	 -480.00 	559.128486     287581 	 	0.052865 	0.004329 	-0.034036 
2648 	 -476.00 	560.093750     287234 	 	0.052346 	0.004243 	-0.032676 
2656 	 -472.00 	561.047717     286002 	 	0.052197 	0.004210 	-0.031944 
2664 	 -468.00 	561.999464     285135 	 	0.051660 	0.004107 	-0.030075 
2672 	 -464.00 	562.944885     284138 	 	0.051233 	0.004046 	-0.029489 
2680 	 -460.00 	563.883666     283226 	 	0.050894 	0.003990 	-0.028388 
2688 	 -456.00 	564.813269     282174 	 	0.050698 	0.003963 	-0.028062 
2696 	 -452.00 	565.736343     281089 	 	0.050278 	0.003908 	-0.027577 
2704 	 -448.00 	566.655082     280257 	 	0.049601 	0.003803 	-0.026281 
2712 	 -444.00 	567.563389     281047 	 	0.049382 	0.003779 	-0.026221 
2720 	 -440.00 	568.466838     280602 	 	0.048852 	0.003719 	-0.025758 
2728 	 -436.00 	569.361293     279174 	 	0.048376 	0.003638 	-0.024419 
2736 	 -432.00 	570.248507     278300 	 	0.048146 	0.003591 	-0.023627 
2744 	 -428.00 	571.129589     279218 	 	0.048043 	0.003583 	-0.023562 
2752 	 -424.00 	572.003752     278516 	 	0.047662 	0.003536 	-0.023045 
2760 	 -420.00 	572.872249     276397 	 	0.047526 	0.003500 	-0.022276 
2768 	 -416.00 	573.730626     278392 	 	0.047245 	0.003451 	-0.021753 
2776 	 -412.00 	574.580156     278067 	 	0.046974 	0.003406 	-0.021179 
2784 	 -408.00 	575.428705     276282 	 	0.046564 	0.003348 	-0.020447 
2792 	 -404.00 	576.269705     276925 	 	0.046290 	0.003310 	-0.020004 
2800 	 -400.00 	577.101299     277265 	 	0.046155 	0.003291 	-0.019658 
2808 	 -396.00 	577.925804     277107 	 	0.046183 	0.003282 	-0.019455 
2816 	 -392.00 	578.741772     277870 	 	0.045722 	0.003221 	-0.018672 
2824 	 -388.00 	579.551414     276255 	 	0.045096 	0.003138 	-0.017764 
2832 	 -384.00 	580.355094     278920 	 	0.044668 	0.003080 	-0.017113 
2840 	 -380.00 	581.148668     277900 	 	0.044263 	0.003034 	-0.016630 
2848 	 -376.00 	581.935608     276575 	 	0.043773 	0.002980 	-0.016214 
2856 	 -372.00 	582.720777     273935 	 	0.043371 	0.002935 	-0.015854 
2864 	 -368.00 	583.494650     274130 	 	0.042996 	0.002877 	-0.015144 
2872 	 -364.00 	584.260282     275675 	 	0.042739 	0.002844 	-0.014798 
2880 	 -360.00 	585.018960     275545 	 	0.042529 	0.002810 	-0.014381 
2888 	 -356.00 	585.769827     274764 	 	0.042371 	0.002791 	-0.014227 
2896 	 -352.00 	586.516446     274205 	 	0.041925 	0.002747 	-0.013938 
2904 	 -348.00 	587.254185     271215 	 	0.041542 	0.002701 	-0.013572 
2912 	 -344.00 	587.983884     269198 	 	0.041465 	0.002686 	-0.013339 
2920 	 -340.00 	588.706069     266340 	 	0.041212 	0.002652 	-0.012992 
2928 	 -336.00 	589.419015     266671 	 	0.040993 	0.002638 	-0.013043 
2936 	 -332.00 	590.124311     266328 	 	0.040643 	0.002588 	-0.012477 
2944 	 -328.00 	590.821166     267306 	 	0.040303 	0.002550 	-0.012230 
2952 	 -324.00 	591.512721     266319 	 	0.039960 	0.002501 	-0.011718 
2960 	 -320.00 	592.196096     265686 	 	0.039702 	0.002470 	-0.011421 
2968 	 -316.00 	592.872688     266030 	 	0.039605 	0.002460 	-0.011372 
2976 	 -312.00 	593.539918     264790 	 	0.039242 	0.002422 	-0.011129 
2984 	 -308.00 	594.197231     265704 	 	0.039132 	0.002405 	-0.011002 
2992 	 -304.00 	594.848141     263079 	 	0.038994 	0.002385 	-0.010835 
3000 	 -300.00 	595.492745     261691 	 	0.038711 	0.002349 	-0.010520 
3008 	 -296.00 	596.128934     261604 	 	0.038515 	0.002330 	-0.010386 
3016 	 -292.00 	596.757109     263561 	 	0.038342 	0.002311 	-0.010200 
3024 	 -288.00 	597.379408     263190 	 	0.038349 	0.002319 	-0.010284 
3032 	 -284.00 	597.988540     266313 	 	0.038346 	0.002301 	-0.009953 
3040 	 -280.00 	598.594045     267766 	 	0.038237 	0.002286 	-0.009774 
3048 	 -276.00 	599.186866     268731 	 	0.037762 	0.002243 	-0.009526 
3056 	 -272.00 	599.775607     269709 	 	0.037655 	0.002223 	-0.009362 
3064 	 -268.00 	600.358374     269915 	 	0.037363 	0.002182 	-0.008943 
3072 	 -264.00 	600.932044     269903 	 	0.037184 	0.002155 	-0.008718 
3080 	 -260.00 	601.496985     271063 	 	0.036946 	0.002128 	-0.008532 
3088 	 -256.00 	602.055309     268956 	 	0.036794 	0.002107 	-0.008331 
3096 	 -252.00 	602.602629     271767 	 	0.036710 	0.002104 	-0.008364 
3104 	 -248.00 	603.143166     273434 	 	0.036354 	0.002064 	-0.007989 
3112 	 -244.00 	603.675454     272358 	 	0.035959 	0.002025 	-0.007735 
3120 	 -240.00 	604.197611     271696 	 	0.035802 	0.002009 	-0.007629 
3128 	 -236.00 	604.716165     271942 	 	0.035885 	0.002009 	-0.007560 
3136 	 -232.00 	605.223804     272318 	 	0.035966 	0.002012 	-0.007515 
3144 	 -228.00 	605.725871     271222 	 	0.035589 	0.001976 	-0.007280 
3152 	 -224.00 	606.217997     270875 	 	0.035605 	0.001974 	-0.007185 
3160 	 -220.00 	606.699396     271486 	 	0.035343 	0.001948 	-0.007042 
3168 	 -216.00 	607.173784     269808 	 	0.034943 	0.001905 	-0.006751 
3176 	 -212.00 	607.640895     270923 	 	0.034578 	0.001863 	-0.006420 
3184 	 -208.00 	608.098213     269806 	 	0.034275 	0.001830 	-0.006226 
3192 	 -204.00 	608.547882     269570 	 	0.034095 	0.001813 	-0.006118 
3200 	 -200.00 	608.987192     271782 	 	0.033963 	0.001801 	-0.006025 
3208 	 -196.00 	609.420155     271206 	 	0.033662 	0.001773 	-0.005853 
3216 	 -192.00 	609.847031     270002 	 	0.033507 	0.001754 	-0.005718 
3224 	 -188.00 	610.262062     269969 	 	0.033239 	0.001725 	-0.005548 
3232 	 -184.00 	610.669229     270753 	 	0.032947 	0.001694 	-0.005346 
3240 	 -180.00 	611.066547     269387 	 	0.032847 	0.001684 	-0.005262 
3248 	 -176.00 	611.456258     268024 	 	0.032495 	0.001659 	-0.005206 
3256 	 -172.00 	611.838668     267490 	 	0.032504 	0.001656 	-0.005127 
3264 	 -168.00 	612.212978     267738 	 	0.032342 	0.001641 	-0.005051 
3272 	 -164.00 	612.578189     268794 	 	0.032115 	0.001619 	-0.004919 
3280 	 -160.00 	612.933993     270079 	 	0.031780 	0.001592 	-0.004794 
3288 	 -156.00 	613.279761     269274 	 	0.031471 	0.001559 	-0.004613 
3296 	 -152.00 	613.621364     269506 	 	0.031213 	0.001536 	-0.004529 
3304 	 -148.00 	613.951416     269505 	 	0.030902 	0.001509 	-0.004400 
3312 	 -144.00 	614.274356     269086 	 	0.030682 	0.001486 	-0.004270 
3320 	 -140.00 	614.588155     268734 	 	0.030570 	0.001473 	-0.004197 
3328 	 -136.00 	614.893497     267819 	 	0.030463 	0.001460 	-0.004118 
3336 	 -132.00 	615.190071     267069 	 	0.030276 	0.001434 	-0.003904 
3344 	 -128.00 	615.477210     266290 	 	0.030176 	0.001425 	-0.003844 
3352 	 -124.00 	615.755303     268137 	 	0.030151 	0.001421 	-0.003802 
3360 	 -120.00 	616.025058     268528 	 	0.030022 	0.001410 	-0.003735 
3368 	 -116.00 	616.285594     268079 	 	0.030002 	0.001410 	-0.003757 
3376 	 -112.00 	616.536234     269022 	 	0.029830 	0.001395 	-0.003692 
3384 	 -108.00 	616.780609     270557 	 	0.029772 	0.001395 	-0.003724 
3392 	 -104.00 	617.014649     272961 	 	0.029601 	0.001381 	-0.003659 
3400 	 -100.00 	617.241329     272941 	 	0.029430 	0.001367 	-0.003586 
3408 	 -96.00 	617.457802     271712 	 	0.029352 	0.001359 	-0.003550 
3416 	 -92.00 	617.666302     272618 	 	0.029230 	0.001346 	-0.003499 
3424 	 -88.00 	617.866483     274422 	 	0.029002 	0.001326 	-0.003391 
3432 	 -84.00 	618.057626     275865 	 	0.028991 	0.001318 	-0.003290 
3440 	 -80.00 	618.241408     275228 	 	0.028895 	0.001306 	-0.003207 
3448 	 -76.00 	618.414866     277127 	 	0.028669 	0.001288 	-0.003118 
3456 	 -72.00 	618.577890     276697 	 	0.028622 	0.001285 	-0.003108 
3464 	 -68.00 	618.733700     276693 	 	0.028547 	0.001280 	-0.003114 
3472 	 -64.00 	618.879300     278305 	 	0.028554 	0.001278 	-0.003087 
3480 	 -60.00 	619.015229     277313 	 	0.028279 	0.001254 	-0.002984 
3488 	 -56.00 	619.143734     276216 	 	0.028226 	0.001250 	-0.002953 
3496 	 -52.00 	619.264577     275833 	 	0.028209 	0.001247 	-0.002940 
3504 	 -48.00 	619.374313     276456 	 	0.028148 	0.001240 	-0.002879 
3512 	 -44.00 	619.476788     277150 	 	0.028082 	0.001234 	-0.002856 
3520 	 -40.00 	619.570871     278105 	 	0.027990 	0.001223 	-0.002802 
3528 	 -36.00 	619.656169     278280 	 	0.027932 	0.001217 	-0.002766 
3536 	 -32.00 	619.730431     277309 	 	0.027785 	0.001202 	-0.002673 
3544 	 -28.00 	619.795699     277919 	 	0.027705 	0.001196 	-0.002653 
3552 	 -24.00 	619.854456     278087 	 	0.027519 	0.001180 	-0.002588 
3560 	 -20.00 	619.903311     278511 	 	0.027352 	0.001169 	-0.002561 
3568 	 -16.00 	619.942463     278134 	 	0.027283 	0.001165 	-0.002552 
3576 	 -12.00 	619.972234     279971 	 	0.027195 	0.001157 	-0.002510 
3584 	  -8.00 	619.995661     278539 	 	0.026998 	0.001141 	-0.002451 
3592 	  -4.00 	620.009663     278299 	 	0.026822 	0.001127 	-0.002400 
3600 	   0.00 	620.013666     279253 	 	0.026688 	0.001117 	-0.002360 
3608 	   4.00 	620.010223     281162 	 	0.026426 	0.001094 	-0.002265 
3616 	   8.00 	619.996012     280133 	 	0.026248 	0.001080 	-0.002219 
3624 	  12.00 	619.974726     280667 	 	0.026087 	0.001067 	-0.002166 
3632 	  16.00 	619.943115     281261 	 	0.026061 	0.001065 	-0.002144 
3640 	  20.00 	619.902860     281446 	 	0.026101 	0.001066 	-0.002137 
3648 	  24.00 	619.853723     281565 	 	0.025994 	0.001059 	-0.002123 
3656 	  28.00 	619.797077     283483 	 	0.025936 	0.001053 	-0.002089 
3664 	  32.00 	619.733073     281592 	 	0.025778 	0.001042 	-0.002051 
3672 	  36.00 	619.656542     283487 	 	0.025642 	0.001032 	-0.002020 
3680 	  40.00 	619.573756     282473 	 	0.025512 	0.001021 	-0.001978 
3688 	  44.00 	619.480817     282104 	 	0.025437 	0.001014 	-0.001946 
3696 	  48.00 	619.377529     282342 	 	0.025398 	0.001010 	-0.001914 
3704 	  52.00 	619.267192     282681 	 	0.025249 	0.000999 	-0.001880 
3712 	  56.00 	619.148908     280726 	 	0.025142 	0.000994 	-0.001879 
3720 	  60.00 	619.020224     281049 	 	0.024925 	0.000977 	-0.001820 
3728 	  64.00 	618.882657     281541 	 	0.024830 	0.000968 	-0.001789 
3736 	  68.00 	618.736067     283089 	 	0.024709 	0.000959 	-0.001748 
3744 	  72.00 	618.580960     283089 	 	0.024705 	0.000955 	-0.001730 
3752 	  76.00 	618.415892     284679 	 	0.024574 	0.000947 	-0.001699 
3760 	  80.00 	618.241449     283940 	 	0.024488 	0.000943 	-0.001697 
3768 	  84.00 	618.058930     285124 	 	0.024368 	0.000932 	-0.001670 
3776 	  88.00 	617.868919     284085 	 	0.024378 	0.000933 	-0.001674 
3784 	  92.00 	617.668559     283956 	 	0.024233 	0.000923 	-0.001632 
3792 	  96.00 	617.458987     283448 	 	0.024073 	0.000911 	-0.001575 
3800 	 100.00 	617.240801     282199 	 	0.023969 	0.000902 	-0.001548 
3808 	 104.00 	617.014356     283068 	 	0.023900 	0.000896 	-0.001511 
3816 	 108.00 	616.780497     283650 	 	0.023842 	0.000891 	-0.001494 
3824 	 112.00 	616.537351     283303 	 	0.023668 	0.000876 	-0.001435 
3832 	 116.00 	616.284185     283496 	 	0.023711 	0.000879 	-0.001447 
3840 	 120.00 	616.022431     284617 	 	0.023628 	0.000875 	-0.001447 
3848 	 124.00 	615.753548     283322 	 	0.023488 	0.000864 	-0.001408 
3856 	 128.00 	615.473830     284742 	 	0.023274 	0.000850 	-0.001371 
3864 	 132.00 	615.185568     285458 	 	0.023177 	0.000843 	-0.001342 
3872 	 136.00 	614.889222     284618 	 	0.023078 	0.000840 	-0.001338 
3880 	 140.00 	614.583708     283502 	 	0.023038 	0.000838 	-0.001340 
3888 	 144.00 	614.269748     284355 	 	0.022890 	0.000827 	-0.001310 
3896 	 148.00 	613.946646     285153 	 	0.022776 	0.000820 	-0.001301 
3904 	 152.00 	613.617198     284004 	 	0.022717 	0.000813 	-0.001266 
3912 	 156.00 	613.277170     285603 	 	0.022713 	0.000811 	-0.001259 
3920 	 160.00 	612.929333     284258 	 	0.022610 	0.000801 	-0.001225 
3928 	 164.00 	612.571497     285321 	 	0.022570 	0.000798 	-0.001211 
3936 	 168.00 	612.208817     284795 	 	0.022458 	0.000794 	-0.001208 
3944 	 172.00 	611.832135     286558 	 	0.022405 	0.000791 	-0.001202 
3952 	 176.00 	611.448702     285757 	 	0.022394 	0.000789 	-0.001196 
3960 	 180.00 	611.058470     286070 	 	0.022385 	0.000788 	-0.001190 
3968 	 184.00 	610.656673     287181 	 	0.022298 	0.000782 	-0.001164 
3976 	 188.00 	610.249299     287157 	 	0.022190 	0.000773 	-0.001133 
3984 	 192.00 	609.833280     290649 	 	0.022080 	0.000764 	-0.001099 
3992 	 196.00 	609.409343     290625 	 	0.021934 	0.000754 	-0.001079 
4000 	 200.00 	608.975300     291682 	 	0.021975 	0.000758 	-0.001085 
4008 	 204.00 	608.531697     293122 	 	0.021818 	0.000746 	-0.001052 
4016 	 208.00 	608.080074     293788 	 	0.021674 	0.000738 	-0.001032 
4024 	 212.00 	607.621370     294797 	 	0.021569 	0.000730 	-0.001015 
4032 	 216.00 	607.154876     294144 	 	0.021318 	0.000716 	-0.000992 
4040 	 220.00 	606.679191     293546 	 	0.021223 	0.000708 	-0.000960 
4048 	 224.00 	606.197429     293141 	 	0.021175 	0.000706 	-0.000952 
4056 	 228.00 	605.708584     292438 	 	0.021105 	0.000701 	-0.000939 
4064 	 232.00 	605.208024     294333 	 	0.020987 	0.000693 	-0.000913 
4072 	 236.00 	604.701480     292312 	 	0.020841 	0.000685 	-0.000904 
4080 	 240.00 	604.187054     291588 	 	0.020655 	0.000671 	-0.000864 
4088 	 244.00 	603.663803     291387 	 	0.020573 	0.000666 	-0.000853 
4096 	 248.00 	603.133190     291435 	 	0.020535 	0.000662 	-0.000834 
4104 	 252.00 	602.591425     294130 	 	0.020583 	0.000663 	-0.000833 
4112 	 256.00 	602.044541     294084 	 	0.020531 	0.000659 	-0.000818 
4120 	 260.00 	601.490491     291273 	 	0.020445 	0.000655 	-0.000811 
4128 	 264.00 	600.925506     292586 	 	0.020351 	0.000651 	-0.000817 
4136 	 268.00 	600.352628     290892 	 	0.020266 	0.000646 	-0.000802 
4144 	 272.00 	599.769231     290839 	 	0.020163 	0.000639 	-0.000781 
4152 	 276.00 	599.181637     292363 	 	0.020151 	0.000639 	-0.000776 
4160 	 280.00 	598.587268     292881 	 	0.020052 	0.000633 	-0.000763 
4168 	 284.00 	597.982293     292657 	 	0.020046 	0.000632 	-0.000760 
4176 	 288.00 	597.368521     294733 	 	0.020109 	0.000636 	-0.000770 
4184 	 292.00 	596.749241     293972 	 	0.020254 	0.000643 	-0.000782 
4192 	 296.00 	596.120307     294245 	 	0.020142 	0.000637 	-0.000772 
4200 	 300.00 	595.480223     293208 	 	0.020151 	0.000639 	-0.000780 
4208 	 304.00 	594.835225     294959 	 	0.020104 	0.000633 	-0.000759 
4216 	 308.00 	594.183069     294205 	 	0.019926 	0.000624 	-0.000736 
4224 	 312.00 	593.523297     293850 	 	0.019967 	0.000623 	-0.000724 
4232 	 316.00 	592.855709     295151 	 	0.019849 	0.000616 	-0.000709 
4240 	 320.00 	592.181689     297660 	 	0.019847 	0.000617 	-0.000720 
4248 	 324.00 	591.498713     297951 	 	0.019781 	0.000614 	-0.000718 
4256 	 328.00 	590.806369     295650 	 	0.019671 	0.000610 	-0.000715 
4264 	 332.00 	590.109533     292344 	 	0.019689 	0.000609 	-0.000703 
4272 	 336.00 	589.401391     292568 	 	0.019586 	0.000602 	-0.000683 
4280 	 340.00 	588.690082     291773 	 	0.019539 	0.000598 	-0.000677 
4288 	 344.00 	587.968690     292533 	 	0.019484 	0.000594 	-0.000669 
4296 	 348.00 	587.239447     295137 	 	0.019379 	0.000587 	-0.000655 
4304 	 352.00 	586.502331     295266 	 	0.019362 	0.000589 	-0.000663 
4312 	 356.00 	585.757415     294384 	 	0.019212 	0.000579 	-0.000643 
4320 	 360.00 	585.005991     294132 	 	0.019227 	0.000578 	-0.000635 
4328 	 364.00 	584.247618     292542 	 	0.019261 	0.000578 	-0.000626 
4336 	 368.00 	583.480031     292740 	 	0.019076 	0.000569 	-0.000608 
4344 	 372.00 	582.705434     292775 	 	0.018990 	0.000563 	-0.000593 
4352 	 376.00 	581.924587     291089 	 	0.018938 	0.000562 	-0.000597 
4360 	 380.00 	581.136849     289629 	 	0.018882 	0.000558 	-0.000590 
4368 	 384.00 	580.341267     286788 	 	0.018758 	0.000551 	-0.000577 
4376 	 388.00 	579.537560     287757 	 	0.018840 	0.000554 	-0.000579 
4384 	 392.00 	578.728978     288708 	 	0.018721 	0.000548 	-0.000571 
4392 	 396.00 	577.910435     290790 	 	0.018700 	0.000547 	-0.000561 
4400 	 400.00 	577.087095     293015 	 	0.018618 	0.000543 	-0.000555 
4408 	 404.00 	576.255399     292686 	 	0.018451 	0.000536 	-0.000542 
4416 	 408.00 	575.415270     295856 	 	0.018441 	0.000535 	-0.000548 
4424 	 412.00 	574.568990     295032 	 	0.018234 	0.000527 	-0.000544 
4432 	 416.00 	573.713457     292729 	 	0.018177 	0.000523 	-0.000533 
4440 	 420.00 	572.853316     294600 	 	0.018256 	0.000528 	-0.000549 
4448 	 424.00 	571.985670     295336 	 	0.018074 	0.000516 	-0.000521 
4456 	 428.00 	571.115114     294468 	 	0.018062 	0.000515 	-0.000513 
4464 	 432.00 	570.235894     294570 	 	0.018081 	0.000517 	-0.000519 
4472 	 436.00 	569.347567     295516 	 	0.018057 	0.000514 	-0.000513 
4480 	 440.00 	568.450805     294525 	 	0.017974 	0.000508 	-0.000495 
4488 	 444.00 	567.549282     295165 	 	0.017870 	0.000502 	-0.000478 
4496 	 448.00 	566.641960     296053 	 	0.017905 	0.000504 	-0.000483 
4504 	 452.00 	565.727921     297965 	 	0.017777 	0.000497 	-0.000473 
4512 	 456.00 	564.804090     296661 	 	0.017719 	0.000495 	-0.000468 
4520 	 460.00 	563.873591     295181 	 	0.017755 	0.000496 	-0.000467 
4528 	 464.00 	562.940241     294913 	 	0.017634 	0.000489 	-0.000453 
4536 	 468.00 	561.999896     295003 	 	0.017638 	0.000489 	-0.000457 
4544 	 472.00 	561.051816     297425 	 	0.017593 	0.000486 	-0.000451 
4552 	 476.00 	560.096202     296864 	 	0.017607 	0.000486 	-0.000452 
4560 	 480.00 	559.134377     295012 	 	0.017589 	0.000485 	-0.000448 
4568 	 484.00 	558.163488     296073 	 	0.017498 	0.000481 	-0.000445 
4576 	 488.00 	557.188636     299940 	 	0.017456 	0.000479 	-0.000443 
4584 	 492.00 	556.202683     303583 	 	0.017284 	0.000470 	-0.000425 
4592 	 496.00 	555.213340     302791 	 	0.017210 	0.000466 	-0.000420 
4600 	 500.00 	554.216041     303436 	 	0.017165 	0.000463 	-0.000412 
4608 	 504.00 	553.213538     303348 	 	0.017059 	0.000456 	-0.000400 
4616 	 508.00 	552.203940     304501 	 	0.016994 	0.000453 	-0.000393 
4624 	 512.00 	551.190925     302106 	 	0.017018 	0.000455 	-0.000393 
4632 	 516.00 	550.165317     302982 	 	0.017105 	0.000460 	-0.000400 
4640 	 520.00 	549.136828     301639 	 	0.017093 	0.000459 	-0.000397 
4648 	 524.00 	548.098609     304348 	 	0.017085 	0.000460 	-0.000402 
4656 	 528.00 	547.058174     298772 	 	0.017001 	0.000452 	-0.000381 
4664 	 532.00 	546.009553     301655 	 	0.016934 	0.000449 	-0.000379 
4672 	 536.00 	544.954835     303267 	 	0.016854 	0.000445 	-0.000366 
4680 	 540.00 	543.894889     304511 	 	0.016878 	0.000447 	-0.000374 
4688 	 544.00 	542.829545     303320 	 	0.016807 	0.000445 	-0.000374 
4696 	 548.00 	541.753981     304055 	 	0.016770 	0.000444 	-0.000375 
4704 	 552.00 	540.674512     306263 	 	0.016544 	0.000433 	-0.000359 
4712 	 556.00 	539.590506     307631 	 	0.016519 	0.000430 	-0.000355 
4720 	 560.00 	538.496259     310610 	 	0.016592 	0.000435 	-0.000367 
4728 	 564.00 	537.398883     311686 	 	0.016576 	0.000433 	-0.000359 
4736 	 568.00 	536.296489     310295 	 	0.016514 	0.000432 	-0.000363 
4744 	 572.00 	535.188671     309181 	 	0.016496 	0.000431 	-0.000360 
4752 	 576.00 	534.075901     310666 	 	0.016528 	0.000432 	-0.000360 
4760 	 580.00 	532.954735     310532 	 	0.016559 	0.000431 	-0.000353 
4768 	 584.00 	531.829091     308026 	 	0.016493 	0.000426 	-0.000343 
4776 	 588.00 	530.696575     311656 	 	0.016512 	0.000427 	-0.000341 
4784 	 592.00 	529.556062     309013 	 	0.016373 	0.000419 	-0.000329 
4792 	 596.00 	528.410532     311916 	 	0.016330 	0.000418 	-0.000328 
4800 	 600.00 	527.260032     309939 	 	0.016158 	0.000412 	-0.000325 
4808 	 604.00 	526.103156     308228 	 	0.016082 	0.000409 	-0.000322 
4816 	 608.00 	524.942122     310624 	 	0.016033 	0.000406 	-0.000316 
4824 	 612.00 	523.774756     310478 	 	0.015973 	0.000403 	-0.000312 
4832 	 616.00 	522.601816     309101 	 	0.015887 	0.000398 	-0.000304 
4840 	 620.00 	521.423581     305345 	 	0.015918 	0.000399 	-0.000307 
4848 	 624.00 	520.239104     303489 	 	0.015964 	0.000399 	-0.000302 
4856 	 628.00 	519.048940     301357 	 	0.015926 	0.000398 	-0.000298 
4864 	 632.00 	517.850492     301643 	 	0.015912 	0.000396 	-0.000293 
4872 	 636.00 	516.648556     300377 	 	0.015759 	0.000391 	-0.000290 
4880 	 640.00 	515.442402     298909 	 	0.015784 	0.000392 	-0.000289 
4888 	 644.00 	514.230645     298358 	 	0.015646 	0.000386 	-0.000280 
4896 	 648.00 	513.011138     299438 	 	0.015741 	0.000391 	-0.000289 
4904 	 652.00 	511.787097     297536 	 	0.015609 	0.000384 	-0.000282 
4912 	 656.00 	510.557020     295252 	 	0.015501 	0.000381 	-0.000276 
4920 	 660.00 	509.320981     294925 	 	0.015528 	0.000381 	-0.000273 
4928 	 664.00 	508.081690     293875 	 	0.015639 	0.000385 	-0.000278 
4936 	 668.00 	506.836898     295994 	 	0.015596 	0.000382 	-0.000273 
4944 	 672.00 	505.587360     292448 	 	0.015490 	0.000375 	-0.000262 
4952 	 676.00 	504.329207     292482 	 	0.015271 	0.000366 	-0.000255 
4960 	 680.00 	503.069985     294959 	 	0.015259 	0.000365 	-0.000253 
4968 	 684.00 	501.800933     292902 	 	0.015258 	0.000366 	-0.000255 
4976 	 688.00 	500.529443     291780 	 	0.015163 	0.000362 	-0.000248 
4984 	 692.00 	499.251664     293896 	 	0.015082 	0.000357 	-0.000245 
4992 	 696.00 	497.969165     292505 	 	0.015260 	0.000366 	-0.000257 
5000 	 700.00 	496.679436     295594 	 	0.015237 	0.000366 	-0.000257 
5008 	 704.00 	495.384974     295831 	 	0.015184 	0.000364 	-0.000256 
5016 	 708.00 	494.089868     297153 	 	0.015121 	0.000362 	-0.000254 
5024 	 712.00 	492.785114     298891 	 	0.014947 	0.000354 	-0.000246 
5032 	 716.00 	491.473456     302896 	 	0.014986 	0.000354 	-0.000245 
5040 	 720.00 	490.158454     301972 	 	0.015143 	0.000362 	-0.000254 
5048 	 724.00 	488.840815     301157 	 	0.015059 	0.000357 	-0.000245 
5056 	 728.00 	487.517757     299985 	 	0.015023 	0.000355 	-0.000238 
5064 	 732.00 	486.189640     301255 	 	0.014862 	0.000347 	-0.000228 
5072 	 736.00 	484.856154     297690 	 	0.014872 	0.000348 	-0.000229 
5080 	 740.00 	483.522256     296596 	 	0.014842 	0.000346 	-0.000225 
5088 	 744.00 	482.180384     296666 	 	0.014790 	0.000345 	-0.000226 
5096 	 748.00 	480.832036     296579 	 	0.014775 	0.000343 	-0.000222 
5104 	 752.00 	479.477650     297743 	 	0.014718 	0.000339 	-0.000217 
5112 	 756.00 	478.117131     298422 	 	0.014649 	0.000336 	-0.000213 
5120 	 760.00 	476.754418     299862 	 	0.014763 	0.000342 	-0.000222 
5128 	 764.00 	475.384025     298357 	 	0.014721 	0.000338 	-0.000216 
5136 	 768.00 	474.012064     299706 	 	0.014551 	0.000332 	-0.000212 
5144 	 772.00 	472.637520     301692 	 	0.014529 	0.000330 	-0.000205 
5152 	 776.00 	471.259034     299045 	 	0.014396 	0.000323 	-0.000198 
5160 	 780.00 	469.870747     297835 	 	0.014403 	0.000323 	-0.000193 
5168 	 784.00 	468.480754     296867 	 	0.014410 	0.000323 	-0.000194 
5176 	 788.00 	467.084651     296136 	 	0.014304 	0.000321 	-0.000193 
5184 	 792.00 	465.684611     296164 	 	0.014371 	0.000323 	-0.000197 
5192 	 796.00 	464.279367     293958 	 	0.014333 	0.000322 	-0.000200 
5200 	 800.00 	462.867435     298898 	 	0.014341 	0.000323 	-0.000199 
5208 	 804.00 	461.452464     300495 	 	0.014296 	0.000320 	-0.000193 
5216 	 808.00 	460.029828     301761 	 	0.014262 	0.000320 	-0.000194 
5224 	 812.00 	458.605009     296500 	 	0.014294 	0.000320 	-0.000192 
5232 	 816.00 	457.175608     301292 	 	0.014368 	0.000324 	-0.000197 
5240 	 820.00 	455.743851     304254 	 	0.014313 	0.000320 	-0.000192 
5248 	 824.00 	454.303674     302555 	 	0.014193 	0.000318 	-0.000193 
5256 	 828.00 	452.862329     304862 	 	0.014275 	0.000318 	-0.000189 
5264 	 832.00 	451.419277     303983 	 	0.014295 	0.000321 	-0.000193 
5272 	 836.00 	449.966420     303665 	 	0.014410 	0.000325 	-0.000198 
5280 	 840.00 	448.512114     300448 	 	0.014252 	0.000320 	-0.000196 
5288 	 844.00 	447.051840     302166 	 	0.014201 	0.000318 	-0.000195 
5296 	 848.00 	445.594240     301185 	 	0.014091 	0.000313 	-0.000188 
5304 	 852.00 	444.123175     299657 	 	0.014006 	0.000311 	-0.000186 
5312 	 856.00 	442.652774     297403 	 	0.013938 	0.000306 	-0.000180 
5320 	 860.00 	441.174095     294902 	 	0.013932 	0.000308 	-0.000185 
5328 	 864.00 	439.694735     293238 	 	0.013842 	0.000303 	-0.000179 
5336 	 868.00 	438.206453     294291 	 	0.013832 	0.000302 	-0.000176 
5344 	 872.00 	436.716693     295016 	 	0.013757 	0.000298 	-0.000171 
5352 	 876.00 	435.221067     296193 	 	0.013834 	0.000300 	-0.000170 
5360 	 880.00 	433.725659     291751 	 	0.013684 	0.000295 	-0.000165 
5368 	 884.00 	432.228196     291829 	 	0.013735 	0.000294 	-0.000162 
5376 	 888.00 	430.727067     289761 	 	0.013600 	0.000291 	-0.000160 
5384 	 892.00 	429.220499     290122 	 	0.013563 	0.000290 	-0.000161 
5392 	 896.00 	427.709895     290588 	 	0.013459 	0.000286 	-0.000157 
5400 	 900.00 	426.194607     292154 	 	0.013496 	0.000287 	-0.000157 
5408 	 904.00 	424.673953     292721 	 	0.013521 	0.000287 	-0.000155 
5416 	 908.00 	423.150217     292375 	 	0.013480 	0.000285 	-0.000152 
5424 	 912.00 	421.623783     293981 	 	0.013406 	0.000284 	-0.000153 
5432 	 916.00 	420.089605     295284 	 	0.013441 	0.000282 	-0.000147 
5440 	 920.00 	418.554679     293290 	 	0.013475 	0.000282 	-0.000146 
5448 	 924.00 	417.017350     295776 	 	0.013409 	0.000283 	-0.000152 
5456 	 928.00 	415.473507     294404 	 	0.013372 	0.000281 	-0.000150 
5464 	 932.00 	413.928704     295093 	 	0.013231 	0.000276 	-0.000145 
5472 	 936.00 	412.377435     295267 	 	0.013280 	0.000278 	-0.000146 
5480 	 940.00 	410.824479     293717 	 	0.013269 	0.000277 	-0.000148 
5488 	 944.00 	409.269374     291739 	 	0.013100 	0.000271 	-0.000142 
5496 	 948.00 	407.704215     290719 	 	0.013025 	0.000268 	-0.000138 
5504 	 952.00 	406.134468     289001 	 	0.013019 	0.000267 	-0.000137 
5512 	 956.00 	404.565957     291154 	 	0.013076 	0.000271 	-0.000142 
5520 	 960.00 	402.996265     288809 	 	0.013037 	0.000268 	-0.000137 
5528 	 964.00 	401.422149     289864 	 	0.012906 	0.000264 	-0.000134 
5536 	 968.00 	399.846701     285757 	 	0.012839 	0.000261 	-0.000132 
5544 	 972.00 	398.264739     290062 	 	0.012900 	0.000263 	-0.000131 
5552 	 976.00 	396.682978     288767 	 	0.012854 	0.000260 	-0.000129 
5560 	 980.00 	395.091353     291767 	 	0.012754 	0.000255 	-0.000123 
5568 	 984.00 	393.497477     288028 	 	0.012636 	0.000251 	-0.000121 
5576 	 988.00 	391.902138     285013 	 	0.012723 	0.000254 	-0.000122 
5584 	 992.00 	390.303989     284278 	 	0.012718 	0.000253 	-0.000120 
5592 	 996.00 	388.703486     283347 	 	0.012740 	0.000254 	-0.000121 
5600 	 1000.00 	387.097136     279885 	 	0.012682 	0.000252 	-0.000122 
5608 	 1004.00 	385.489794     278130 	 	0.012692 	0.000252 	-0.000120 
5616 	 1008.00 	383.877330     279781 	 	0.012620 	0.000248 	-0.000115 
5624 	 1012.00 	382.262127     282466 	 	0.012547 	0.000246 	-0.000113 
5632 	 1016.00 	380.644454     279596 	 	0.012599 	0.000247 	-0.000113 
5640 	 1020.00 	379.028138     276667 	 	0.012584 	0.000248 	-0.000114 
5648 	 1024.00 	377.406398     275968 	 	0.012533 	0.000246 	-0.000114 
5656 	 1028.00 	375.776168     275261 	 	0.012499 	0.000245 	-0.000114 
5664 	 1032.00 	374.144692     276579 	 	0.012611 	0.000251 	-0.000120 
5672 	 1036.00 	372.509823     272954 	 	0.012490 	0.000246 	-0.000114 
5680 	 1040.00 	370.871038     275488 	 	0.012527 	0.000247 	-0.000116 
5688 	 1044.00 	369.231987     274558 	 	0.012539 	0.000247 	-0.000116 
5696 	 1048.00 	367.589582     272580 	 	0.012335 	0.000239 	-0.000107 
5704 	 1052.00 	365.946266     272276 	 	0.012297 	0.000237 	-0.000105 
5712 	 1056.00 	364.297227     272579 	 	0.012328 	0.000238 	-0.000107 
5720 	 1060.00 	362.644243     272999 	 	0.012331 	0.000238 	-0.000105 
5728 	 1064.00 	360.991539     272892 	 	0.012340 	0.000238 	-0.000107 
5736 	 1068.00 	359.334060     271753 	 	0.012228 	0.000234 	-0.000104 
5744 	 1072.00 	357.669644     275830 	 	0.012203 	0.000235 	-0.000105 
5752 	 1076.00 	356.009701     271737 	 	0.012132 	0.000231 	-0.000100 
5760 	 1080.00 	354.345403     275905 	 	0.012071 	0.000228 	-0.000097 
5768 	 1084.00 	352.676896     275801 	 	0.011997 	0.000226 	-0.000095 
5776 	 1088.00 	351.006332     277622 	 	0.012057 	0.000227 	-0.000096 
5784 	 1092.00 	349.330595     271679 	 	0.011997 	0.000224 	-0.000093 
5792 	 1096.00 	347.657526     272208 	 	0.012063 	0.000227 	-0.000095 
5800 	 1100.00 	345.980561     275670 	 	0.012067 	0.000226 	-0.000093 
5808 	 1104.00 	344.296931     273714 	 	0.011922 	0.000221 	-0.000089 
5816 	 1108.00 	342.616223     271818 	 	0.011987 	0.000223 	-0.000089 
5824 	 1112.00 	340.928712     273058 	 	0.011797 	0.000218 	-0.000088 
5832 	 1116.00 	339.243312     268737 	 	0.011819 	0.000217 	-0.000086 
5840 	 1120.00 	337.561723     269775 	 	0.011711 	0.000214 	-0.000085 
5848 	 1124.00 	335.869563     270365 	 	0.011734 	0.000216 	-0.000089 
5856 	 1128.00 	334.174621     270592 	 	0.011683 	0.000213 	-0.000084 
5864 	 1132.00 	332.477169     267481 	 	0.011668 	0.000213 	-0.000086 
5872 	 1136.00 	330.777553     266314 	 	0.011630 	0.000214 	-0.000087 
5880 	 1140.00 	329.082460     266295 	 	0.011728 	0.000215 	-0.000088 
5888 	 1144.00 	327.378367     265537 	 	0.011799 	0.000218 	-0.000089 
5896 	 1148.00 	325.678496     271739 	 	0.011691 	0.000215 	-0.000087 
5904 	 1152.00 	323.973374     275725 	 	0.011598 	0.000212 	-0.000084 
5912 	 1156.00 	322.263327     271439 	 	0.011495 	0.000207 	-0.000080 
5920 	 1160.00 	320.555890     272480 	 	0.011355 	0.000203 	-0.000078 
5928 	 1164.00 	318.844523     279018 	 	0.011467 	0.000206 	-0.000080 
5936 	 1168.00 	317.132232     277939 	 	0.011233 	0.000199 	-0.000078 
5944 	 1172.00 	315.418501     280449 	 	0.011218 	0.000198 	-0.000077 
5952 	 1176.00 	313.703003     281704 	 	0.011248 	0.000202 	-0.000081 
5960 	 1180.00 	311.986462     287902 	 	0.011123 	0.000197 	-0.000077 
5968 	 1184.00 	310.265381     285624 	 	0.011111 	0.000196 	-0.000075 
5976 	 1188.00 	308.546756     283738 	 	0.011188 	0.000198 	-0.000076 
5984 	 1192.00 	306.823273     290408 	 	0.011152 	0.000196 	-0.000074 
5992 	 1196.00 	305.100944     289079 	 	0.011102 	0.000196 	-0.000074 
6000 	 1200.00 	303.379001     286706 	 	0.011111 	0.000196 	-0.000075 
6008 	 1204.00 	301.656846     284139 	 	0.011001 	0.000193 	-0.000074 
6016 	 1208.00 	299.926715     282383 	 	0.010868 	0.000188 	-0.000069 
6024 	 1212.00 	298.200129     278479 	 	0.010909 	0.000188 	-0.000069 
6032 	 1216.00 	296.471671     281131 	 	0.010958 	0.000189 	-0.000069 
6040 	 1220.00 	294.735612     281374 	 	0.010862 	0.000187 	-0.000069 
6048 	 1224.00 	293.006483     282931 	 	0.010878 	0.000187 	-0.000068 
6056 	 1228.00 	291.271188     281615 	 	0.010885 	0.000186 	-0.000066 
6064 	 1232.00 	289.536335     286536 	 	0.010905 	0.000187 	-0.000067 
6072 	 1236.00 	287.801905     291304 	 	0.010891 	0.000186 	-0.000065 
6080 	 1240.00 	286.062024     291520 	 	0.010803 	0.000184 	-0.000065 
6088 	 1244.00 	284.319947     290103 	 	0.010840 	0.000186 	-0.000066 
6096 	 1248.00 	282.580343     289959 	 	0.010723 	0.000182 	-0.000063 
6104 	 1252.00 	280.838654     288492 	 	0.010855 	0.000185 	-0.000065 
6112 	 1256.00 	279.098241     288624 	 	0.010726 	0.000182 	-0.000065 
6120 	 1260.00 	277.354221     287102 	 	0.010764 	0.000182 	-0.000062 
6128 	 1264.00 	275.608951     288989 	 	0.010738 	0.000181 	-0.000063 
6136 	 1268.00 	273.860742     290264 	 	0.010683 	0.000180 	-0.000061 
6144 	 1272.00 	272.113326     288238 	 	0.010712 	0.000180 	-0.000061 
6152 	 1276.00 	270.364931     288248 	 	0.010677 	0.000178 	-0.000059 
6160 	 1280.00 	268.616233     291098 	 	0.010681 	0.000178 	-0.000059 
6168 	 1284.00 	266.865867     289444 	 	0.010745 	0.000180 	-0.000059 
6176 	 1288.00 	265.108076     290796 	 	0.010674 	0.000179 	-0.000060 
6184 	 1292.00 	263.349146     290359 	 	0.010614 	0.000177 	-0.000059 
6192 	 1296.00 	261.588961     297805 	 	0.010537 	0.000175 	-0.000058 
6200 	 1300.00 	259.823924     302564 	 	0.010437 	0.000172 	-0.000056 
6208 	 1304.00 	258.063233     303642 	 	0.010402 	0.000170 	-0.000055 
6216 	 1308.00 	256.303579     305081 	 	0.010351 	0.000169 	-0.000054 
6224 	 1312.00 	254.540405     301147 	 	0.010318 	0.000169 	-0.000057 
6232 	 1316.00 	252.771389     305354 	 	0.010412 	0.000172 	-0.000058 
6240 	 1320.00 	251.002605     301874 	 	0.010358 	0.000171 	-0.000056 
6248 	 1324.00 	249.228632     303765 	 	0.010205 	0.000164 	-0.000052 
6256 	 1328.00 	247.457801     303027 	 	0.010220 	0.000166 	-0.000053 
6264 	 1332.00 	245.686322     306669 	 	0.010122 	0.000163 	-0.000052 
6272 	 1336.00 	243.908936     308567 	 	0.010165 	0.000163 	-0.000051 
6280 	 1340.00 	242.133398     308492 	 	0.009994 	0.000158 	-0.000048 
6288 	 1344.00 	240.356282     304128 	 	0.010069 	0.000160 	-0.000048 
6296 	 1348.00 	238.575350     307260 	 	0.009986 	0.000157 	-0.000046 
6304 	 1352.00 	236.791520     304495 	 	0.009974 	0.000156 	-0.000045 
6312 	 1356.00 	235.004779     305609 	 	0.010023 	0.000158 	-0.000046 
6320 	 1360.00 	233.214688     303573 	 	0.009882 	0.000154 	-0.000045 
6328 	 1364.00 	231.424889     305464 	 	0.009866 	0.000153 	-0.000045 
6336 	 1368.00 	229.631898     304237 	 	0.009821 	0.000152 	-0.000043 
6344 	 1372.00 	227.836781     307238 	 	0.009766 	0.000151 	-0.000043 
6352 	 1376.00 	226.035251     311246 	 	0.009781 	0.000150 	-0.000042 
6360 	 1380.00 	224.236130     313332 	 	0.009724 	0.000150 	-0.000042 
6368 	 1384.00 	222.432953     312071 	 	0.009594 	0.000145 	-0.000039 
6376 	 1388.00 	220.625954     313665 	 	0.009598 	0.000145 	-0.000040 
6384 	 1392.00 	218.821173     311533 	 	0.009474 	0.000141 	-0.000038 
6392 	 1396.00 	217.002818     320325 	 	0.009433 	0.000140 	-0.000037 
6400 	 1400.00 	215.191854     314572 	 	0.009338 	0.000138 	-0.000037 
6408 	 1404.00 	213.377976     319832 	 	0.009394 	0.000139 	-0.000036 
6416 	 1408.00 	211.558836     318099 	 	0.009414 	0.000140 	-0.000036 
6424 	 1412.00 	209.741611     317529 	 	0.009340 	0.000138 	-0.000037 
6432 	 1416.00 	207.909523     322333 	 	0.009380 	0.000138 	-0.000036 
6440 	 1420.00 	206.082747     321638 	 	0.009429 	0.000139 	-0.000036 
6448 	 1424.00 	204.249847     319963 	 	0.009430 	0.000139 	-0.000036 
6456 	 1428.00 	202.416952     322955 	 	0.009336 	0.000136 	-0.000034 
6464 	 1432.00 	200.580370     316370 	 	0.009337 	0.000137 	-0.000035 
6472 	 1436.00 	198.738016     317576 	 	0.009216 	0.000133 	-0.000033 
6480 	 1440.00 	196.890351     321020 	 	0.009155 	0.000132 	-0.000033 
6488 	 1444.00 	195.046789     312762 	 	0.009105 	0.000130 	-0.000031 
6496 	 1448.00 	193.197625     318989 	 	0.009113 	0.000130 	-0.000031 
6504 	 1452.00 	191.343974     318810 	 	0.008943 	0.000126 	-0.000030 
6512 	 1456.00 	189.486011     315369 	 	0.008955 	0.000125 	-0.000029 
6520 	 1460.00 	187.623922     319715 	 	0.008959 	0.000126 	-0.000029 
6528 	 1464.00 	185.759632     320708 	 	0.008816 	0.000123 	-0.000029 
6536 	 1468.00 	183.890910     325710 	 	0.008751 	0.000121 	-0.000027 
6544 	 1472.00 	182.019529     324224 	 	0.008693 	0.000120 	-0.000027 
6552 	 1476.00 	180.145582     318222 	 	0.008816 	0.000122 	-0.000027 
6560 	 1480.00 	178.267462     332029 	 	0.008576 	0.000116 	-0.000026 
6568 	 1484.00 	176.384627     332472 	 	0.008599 	0.000117 	-0.000025 
6576 	 1488.00 	174.497202     332900 	 	0.008447 	0.000112 	-0.000023 
6584 	 1492.00 	172.609391     329528 	 	0.008468 	0.000113 	-0.000024 
6592 	 1496.00 	170.711993     328762 	 	0.008434 	0.000112 	-0.000024 
6600 	 1500.00 	168.815298     329758 	 	0.008454 	0.000112 	-0.000024 
6608 	 1504.00 	166.911553     329983 	 	0.008435 	0.000111 	-0.000023 
6616 	 1508.00 	165.007538     332804 	 	0.008418 	0.000112 	-0.000024 
6624 	 1512.00 	163.095875     329210 	 	0.008326 	0.000110 	-0.000023 
6632 	 1516.00 	161.183202     336353 	 	0.008281 	0.000108 	-0.000022 
6640 	 1520.00 	159.257342     332339 	 	0.008236 	0.000107 	-0.000021 
6648 	 1524.00 	157.325039     331495 	 	0.008249 	0.000106 	-0.000021 
6656 	 1528.00 	155.404714     324068 	 	0.008198 	0.000105 	-0.000020 
6664 	 1532.00 	153.473925     323102 	 	0.008173 	0.000105 	-0.000021 
6672 	 1536.00 	151.535484     329866 	 	0.008114 	0.000103 	-0.000020 
6680 	 1540.00 	149.588964     321803 	 	0.007952 	0.000100 	-0.000019 
6688 	 1544.00 	147.641753     325324 	 	0.007978 	0.000100 	-0.000019 
6696 	 1548.00 	145.691868     315675 	 	0.007897 	0.000099 	-0.000018 
6704 	 1552.00 	143.733079     317374 	 	0.007893 	0.000098 	-0.000018 
6712 	 1556.00 	141.766152     308945 	 	0.007787 	0.000096 	-0.000017 
6720 	 1560.00 	139.799780     316045 	 	0.007786 	0.000095 	-0.000017 
6728 	 1564.00 	137.827655     309372 	 	0.007775 	0.000095 	-0.000017 
6736 	 1568.00 	135.844817     318204 	 	0.007775 	0.000095 	-0.000017 
6744 	 1572.00 	133.852768     321975 	 	0.007572 	0.000091 	-0.000016 
6752 	 1576.00 	131.867109     314969 	 	0.007568 	0.000090 	-0.000015 
6760 	 1580.00 	129.860248     319989 	 	0.007472 	0.000089 	-0.000015 
6768 	 1584.00 	127.859045     316392 	 	0.007471 	0.000088 	-0.000014 
6776 	 1588.00 	125.842960     320359 	 	0.007389 	0.000086 	-0.000014 
6784 	 1592.00 	123.820793     317255 	 	0.007347 	0.000085 	-0.000013 
6792 	 1596.00 	121.795367     321339 	 	0.007411 	0.000086 	-0.000014 
6800 	 1600.00 	119.764802     317795 	 	0.007302 	0.000084 	-0.000013 
6808 	 1604.00 	117.723084     315403 	 	0.007262 	0.000083 	-0.000013 
6816 	 1608.00 	115.673976     313431 	 	0.007208 	0.000081 	-0.000012 
6824 	 1612.00 	113.621971     315995 	 	0.007155 	0.000081 	-0.000012 
6832 	 1616.00 	111.556555     314335 	 	0.007134 	0.000080 	-0.000012 
6840 	 1620.00 	109.488560     319433 	 	0.007095 	0.000079 	-0.000012 
6848 	 1624.00 	107.419138     315677 	 	0.006964 	0.000076 	-0.000011 
6856 	 1628.00 	105.332345     319360 	 	0.006813 	0.000073 	-0.000010 
6864 	 1632.00 	103.241496     317620 	 	0.006719 	0.000071 	-0.000010 
6872 	 1636.00 	101.125961     322985 	 	0.006566 	0.000068 	-0.000009 
6880 	 1640.00 	99.012402     318096 	 	0.006607 	0.000069 	-0.000009 
6888 	 1644.00 	96.887533     321954 	 	0.006498 	0.000065 	-0.000007 
6896 	 1648.00 	94.760093     315474 	 	0.006381 	0.000064 	-0.000008 
6904 	 1652.00 	92.619181     316295 	 	0.006196 	0.000059 	-0.000006 
6912 	 1656.00 	90.466244     312203 	 	0.006290 	0.000062 	-0.000007 
6920 	 1660.00 	88.306240     318196 	 	0.006093 	0.000059 	-0.000006 
6928 	 1664.00 	86.138047     316621 	 	0.006117 	0.000058 	-0.000006 
6936 	 1668.00 	83.961717     319373 	 	0.006012 	0.000057 	-0.000006 
6944 	 1672.00 	81.764825     313420 	 	0.006015 	0.000057 	-0.000006 
6952 	 1676.00 	79.567222     310942 	 	0.006003 	0.000057 	-0.000006 
6960 	 1680.00 	77.352987     304243 	 	0.005844 	0.000054 	-0.000005 
6968 	 1684.00 	75.123111     304060 	 	0.005846 	0.000054 	-0.000005 
6976 	 1688.00 	72.888740     298830 	 	0.005671 	0.000051 	-0.000005 
6984 	 1692.00 	70.622193     304861 	 	0.005675 	0.000050 	-0.000004 
6992 	 1696.00 	68.361335     300869 	 	0.005580 	0.000049 	-0.000004 
7000 	 1700.00 	66.075280     300364 	 	0.005406 	0.000046 	-0.000004 
7008 	 1704.00 	63.777251     295469 	 	0.005303 	0.000044 	-0.000004 
7016 	 1708.00 	61.444861     294659 	 	0.005295 	0.000044 	-0.000003 
7024 	 1712.00 	59.131248     298775 	 	0.005083 	0.000041 	-0.000003 
7032 	 1716.00 	56.759049     294825 	 	0.005038 	0.000040 	-0.000003 
7040 	 1720.00 	54.409956     298685 	 	0.004939 	0.000038 	-0.000003 
7048 	 1724.00 	51.983272     300856 	 	0.004888 	0.000038 	-0.000003 
7056 	 1728.00 	49.630965     292844 	 	0.004636 	0.000034 	-0.000002 
7064 	 1732.00 	47.111569     300089 	 	0.004467 	0.000031 	-0.000002 
7072 	 1736.00 	44.758627     301333 	 	0.004499 	0.000032 	-0.000002 
7080 	 1740.00 	42.149769     292477 	 	0.003989 	0.000027 	-0.000001 
7088 	 1744.00 	39.807146     292504 	 	0.004206 	0.000028 	-0.000001 
7096 	 1748.00 	37.034763     291736 	 	0.004040 	0.000024 	-0.000001 
7104 	 1752.00 	34.747076     290677 	 	0.004000 	0.000027 	-0.000001 
7112 	 1756.00 	31.762183     290614 	 	0.003383 	0.000019 	-0.000001 
7120 	 1760.00 	29.586304     281955 	 	0.003929 	0.000023 	-0.000001 
7128 	 1764.00 	26.306397     289582 	 	0.003256 	0.000015 	-0.000000 
7136 	 1768.00 	24.279324     269820 	 	0.003337 	0.000019 	-0.000001 
7144 	 1772.00 	20.559728     270957 	 	0.002198 	0.000010 	-0.000000 
7152 	 1776.00 	18.815809     258641 	 	0.003384 	0.000016 	-0.000000 
7160 	 1780.00 	14.401043     288709 	 	0.002199 	0.000005 	-0.000000 
7168 	 1784.00 	13.066742     269886 	 	0.002331 	0.000010 	-0.000000 
7176 	 1788.00 	7.638028     304032 	 	0.000000 	0.000000 	-0.000000 
7184 	 1792.00 	6.971579     273944 	 	0.002222 	0.000005 	-0.000000 
7200 	 1800.00 	0.163761     269201 	 	0.000000 	0.000000 	-0.000000 
