#i 	E(i) 	 	log[g(E)] 	  H(E) 	 	<M> 	 	<M^2> 	 	<M^4>
#----------------------------------------------------------------------------------------------------
0 	 -1152.00 	0.000000     105249 	 	1.000000 	1.000000 	-69.063158 
16 	 -1144.00 	6.343706     113117 	 	0.996528 	0.993068 	-68.108932 
24 	 -1140.00 	7.030265     100064 	 	0.993056 	0.986159 	-67.164628 
32 	 -1136.00 	11.992744     100901 	 	0.992957 	0.985965 	-67.138243 
40 	 -1132.00 	13.367401      96544 	 	0.989489 	0.979089 	-66.205081 
48 	 -1128.00 	17.293805      96442 	 	0.989173 	0.978465 	-66.121230 
56 	 -1124.00 	19.080236      99991 	 	0.985694 	0.971594 	-65.195972 
64 	 -1120.00 	22.364974      96133 	 	0.985271 	0.970762 	-65.084416 
72 	 -1116.00 	24.356818      98903 	 	0.981977 	0.964281 	-64.218349 
80 	 -1112.00 	27.286819      95513 	 	0.981207 	0.962773 	-64.018223 
88 	 -1108.00 	29.411947      98474 	 	0.978167 	0.956816 	-63.228420 
96 	 -1104.00 	32.062556      93310 	 	0.976777 	0.954103 	-62.871831 
104 	 -1100.00 	34.260422      93869 	 	0.974025 	0.948733 	-62.165610 
112 	 -1096.00 	36.740363      93089 	 	0.972459 	0.945690 	-61.768900 
120 	 -1092.00 	38.973462      96176 	 	0.969738 	0.940405 	-61.080203 
128 	 -1088.00 	41.338331      85211 	 	0.967871 	0.936791 	-60.612555 
136 	 -1084.00 	43.568400      94071 	 	0.965519 	0.932243 	-60.025129 
144 	 -1080.00 	45.841489      92361 	 	0.963274 	0.927919 	-59.471276 
152 	 -1076.00 	48.052170      90535 	 	0.960645 	0.922862 	-58.825187 
160 	 -1072.00 	50.285340      91067 	 	0.958372 	0.918508 	-58.273247 
168 	 -1068.00 	52.463167      92307 	 	0.956326 	0.914586 	-57.775596 
176 	 -1064.00 	54.637462      91519 	 	0.954049 	0.910241 	-57.229189 
184 	 -1060.00 	56.797756      88945 	 	0.951539 	0.905463 	-56.631376 
192 	 -1056.00 	58.940699      87219 	 	0.948791 	0.900253 	-55.984437 
200 	 -1052.00 	61.057927      89658 	 	0.946174 	0.895297 	-55.370402 
208 	 -1048.00 	63.172177      87683 	 	0.943484 	0.890217 	-54.745034 
216 	 -1044.00 	65.259876      88413 	 	0.941040 	0.885623 	-54.184119 
224 	 -1040.00 	67.353035      87640 	 	0.938089 	0.880089 	-53.512042 
232 	 -1036.00 	69.415182      88712 	 	0.935619 	0.875464 	-52.951921 
240 	 -1032.00 	71.481027      91730 	 	0.932662 	0.869954 	-52.290775 
248 	 -1028.00 	73.523276      92237 	 	0.929688 	0.864440 	-51.635656 
256 	 -1024.00 	75.559692      92022 	 	0.926892 	0.859264 	-51.022662 
264 	 -1020.00 	77.579322      95484 	 	0.923565 	0.853132 	-50.303173 
272 	 -1016.00 	79.601246      95302 	 	0.920791 	0.848027 	-49.705586 
280 	 -1012.00 	81.608912      92770 	 	0.918447 	0.843695 	-49.194604 
288 	 -1008.00 	83.598476      90588 	 	0.915115 	0.837637 	-48.501943 
296 	 -1004.00 	85.585381      92732 	 	0.912537 	0.832908 	-47.952885 
304 	 -1000.00 	87.560713      92665 	 	0.909193 	0.826857 	-47.267808 
312 	 -996.00 	89.529146      91274 	 	0.906295 	0.821596 	-46.668593 
320 	 -992.00 	91.490521      92112 	 	0.903376 	0.816334 	-46.077105 
328 	 -988.00 	93.434694      93915 	 	0.899470 	0.809317 	-45.294513 
336 	 -984.00 	95.372414      89701 	 	0.896419 	0.803886 	-44.698656 
344 	 -980.00 	97.306639      98018 	 	0.893103 	0.797963 	-44.045630 
352 	 -976.00 	99.230272      95038 	 	0.890114 	0.792658 	-43.467255 
360 	 -972.00 	101.148809      98460 	 	0.887011 	0.787174 	-42.874485 
368 	 -968.00 	103.062297      95380 	 	0.883586 	0.781133 	-42.224760 
376 	 -964.00 	104.963099      96818 	 	0.879202 	0.773499 	-41.422009 
384 	 -960.00 	106.864060      96409 	 	0.875760 	0.767509 	-40.793311 
392 	 -956.00 	108.752640      95550 	 	0.872313 	0.761503 	-40.161999 
400 	 -952.00 	110.636914      94562 	 	0.868583 	0.755062 	-39.496511 
408 	 -948.00 	112.525852      92719 	 	0.864897 	0.748707 	-38.842971 
416 	 -944.00 	114.398715      96729 	 	0.860991 	0.742026 	-38.164895 
424 	 -940.00 	116.263889      98875 	 	0.856756 	0.734809 	-37.438438 
432 	 -936.00 	118.123216      97532 	 	0.852270 	0.727227 	-36.686380 
440 	 -932.00 	119.981075      98430 	 	0.847642 	0.719433 	-35.919544 
448 	 -928.00 	121.829865      99570 	 	0.842616 	0.711086 	-35.117336 
456 	 -924.00 	123.685335     101028 	 	0.839020 	0.705065 	-34.530869 
464 	 -920.00 	125.517913     102168 	 	0.834323 	0.697431 	-33.825493 
472 	 -916.00 	127.354580     103463 	 	0.829119 	0.688858 	-33.016049 
480 	 -912.00 	129.184780     100654 	 	0.824268 	0.681036 	-32.302485 
488 	 -908.00 	131.016241     106555 	 	0.820892 	0.675538 	-31.793307 
496 	 -904.00 	132.833263     103659 	 	0.816213 	0.667992 	-31.107094 
504 	 -900.00 	134.654770     105043 	 	0.811345 	0.660224 	-30.415468 
512 	 -896.00 	136.466045     106837 	 	0.804262 	0.649522 	-29.523743 
520 	 -892.00 	138.274892     109103 	 	0.800176 	0.642912 	-28.925166 
528 	 -888.00 	140.073434     108682 	 	0.795084 	0.634898 	-28.233339 
536 	 -884.00 	141.868041     111978 	 	0.788321 	0.624588 	-27.382112 
544 	 -880.00 	143.661745     110630 	 	0.783393 	0.617317 	-26.783208 
552 	 -876.00 	145.459628     110514 	 	0.777706 	0.609013 	-26.130930 
560 	 -872.00 	147.244025     112815 	 	0.771546 	0.599565 	-25.350334 
568 	 -868.00 	149.021894     113048 	 	0.765606 	0.590896 	-24.675411 
576 	 -864.00 	150.801182     111193 	 	0.760669 	0.583655 	-24.121223 
584 	 -860.00 	152.575890     115887 	 	0.753569 	0.573336 	-23.342675 
592 	 -856.00 	154.351386     115631 	 	0.748330 	0.565953 	-22.785096 
600 	 -852.00 	156.120567     118613 	 	0.741358 	0.556005 	-22.055408 
608 	 -848.00 	157.890533     117625 	 	0.735056 	0.546703 	-21.358773 
616 	 -844.00 	159.658952     121122 	 	0.729013 	0.538401 	-20.756379 
624 	 -840.00 	161.419760     120665 	 	0.724873 	0.531828 	-20.236320 
632 	 -836.00 	163.180380     119841 	 	0.717742 	0.521931 	-19.531196 
640 	 -832.00 	164.937428     118627 	 	0.711085 	0.513112 	-18.956633 
648 	 -828.00 	166.687128     120165 	 	0.702677 	0.501783 	-18.209002 
656 	 -824.00 	168.439555     118302 	 	0.697439 	0.494167 	-17.669183 
664 	 -820.00 	170.190427     120660 	 	0.689472 	0.484252 	-17.058060 
672 	 -816.00 	171.941538     115950 	 	0.682373 	0.474850 	-16.457838 
680 	 -812.00 	173.678003     117428 	 	0.675341 	0.466342 	-15.948565 
688 	 -808.00 	175.425423     115965 	 	0.668320 	0.456806 	-15.326907 
696 	 -804.00 	177.159665     115077 	 	0.661763 	0.448693 	-14.839473 
704 	 -800.00 	178.897171     115662 	 	0.654020 	0.438983 	-14.255220 
712 	 -796.00 	180.628532     116898 	 	0.645647 	0.429006 	-13.692549 
720 	 -792.00 	182.360169     114779 	 	0.637241 	0.419005 	-13.140239 
728 	 -788.00 	184.093822     112429 	 	0.623693 	0.403283 	-12.315690 
736 	 -784.00 	185.824980     110390 	 	0.613202 	0.391490 	-11.711220 
744 	 -780.00 	187.553777     110469 	 	0.603760 	0.381121 	-11.181312 
752 	 -776.00 	189.270426     110411 	 	0.592699 	0.369045 	-10.588258 
760 	 -772.00 	190.993900     112516 	 	0.582329 	0.359160 	-10.175024 
768 	 -768.00 	192.718066     111079 	 	0.568306 	0.343716 	-9.431696 
776 	 -764.00 	194.433821     114326 	 	0.554187 	0.330707 	-8.906300 
784 	 -760.00 	196.144349     110764 	 	0.541038 	0.317182 	-8.305823 
792 	 -756.00 	197.856689     109765 	 	0.531084 	0.307945 	-7.910334 
800 	 -752.00 	199.562518     107543 	 	0.525320 	0.301835 	-7.651434 
808 	 -748.00 	201.273755     103697 	 	0.513309 	0.290194 	-7.175459 
816 	 -744.00 	202.978988     104987 	 	0.502383 	0.279710 	-6.762516 
824 	 -740.00 	204.679367     107849 	 	0.488665 	0.266925 	-6.263604 
832 	 -736.00 	206.384463     108054 	 	0.474659 	0.254033 	-5.777038 
840 	 -732.00 	208.081507     109761 	 	0.462614 	0.242903 	-5.359050 
848 	 -728.00 	209.778303     110491 	 	0.447349 	0.229742 	-4.904859 
856 	 -724.00 	211.472840     109569 	 	0.436963 	0.220549 	-4.578081 
864 	 -720.00 	213.158128     111402 	 	0.425536 	0.211124 	-4.273226 
872 	 -716.00 	214.844900     111304 	 	0.416076 	0.203093 	-4.016540 
880 	 -712.00 	216.525967     109198 	 	0.404955 	0.194193 	-3.728197 
888 	 -708.00 	218.212131     109067 	 	0.393742 	0.185507 	-3.479699 
896 	 -704.00 	219.889282     106236 	 	0.382609 	0.176953 	-3.212964 
904 	 -700.00 	221.566873     107320 	 	0.375713 	0.171623 	-3.061203 
912 	 -696.00 	223.238345     107016 	 	0.366877 	0.164362 	-2.821327 
920 	 -692.00 	224.904215     108980 	 	0.358308 	0.157427 	-2.617267 
928 	 -688.00 	226.570766     109730 	 	0.347333 	0.149087 	-2.387296 
936 	 -684.00 	228.231478     110127 	 	0.339048 	0.143157 	-2.230188 
944 	 -680.00 	229.891656     110053 	 	0.329413 	0.136660 	-2.081332 
952 	 -676.00 	231.542514     112054 	 	0.324650 	0.133439 	-2.004146 
960 	 -672.00 	233.188014     113371 	 	0.311632 	0.125194 	-1.828793 
968 	 -668.00 	234.828585     115180 	 	0.305177 	0.120501 	-1.712771 
976 	 -664.00 	236.467415     113801 	 	0.301465 	0.117821 	-1.649732 
984 	 -660.00 	238.101477     113897 	 	0.294569 	0.113372 	-1.549853 
992 	 -656.00 	239.727506     115556 	 	0.289609 	0.110874 	-1.512146 
1000 	 -652.00 	241.351930     115077 	 	0.281696 	0.105371 	-1.389406 
1008 	 -648.00 	242.974069     112904 	 	0.275073 	0.101241 	-1.302650 
1016 	 -644.00 	244.585138     115478 	 	0.269535 	0.097986 	-1.229138 
1024 	 -640.00 	246.196939     112606 	 	0.262812 	0.093307 	-1.124933 
1032 	 -636.00 	247.801329     114575 	 	0.259055 	0.090630 	-1.069589 
1040 	 -632.00 	249.404562     114715 	 	0.248682 	0.085027 	-0.974549 
1048 	 -628.00 	250.999035     111995 	 	0.243863 	0.082357 	-0.925850 
1056 	 -624.00 	252.586861     111059 	 	0.237880 	0.079011 	-0.872327 
1064 	 -620.00 	254.168960     111580 	 	0.231789 	0.075026 	-0.793799 
1072 	 -616.00 	255.748537     109893 	 	0.226738 	0.071893 	-0.741557 
1080 	 -612.00 	257.323285     106915 	 	0.221433 	0.068730 	-0.682922 
1088 	 -608.00 	258.888068     109028 	 	0.216395 	0.065833 	-0.635905 
1096 	 -604.00 	260.452881     109865 	 	0.209085 	0.062034 	-0.585354 
1104 	 -600.00 	262.009537     108937 	 	0.203915 	0.059028 	-0.531233 
1112 	 -596.00 	263.564291     107947 	 	0.201602 	0.057500 	-0.501042 
1120 	 -592.00 	265.112671     107021 	 	0.193498 	0.053422 	-0.441118 
1128 	 -588.00 	266.655140     107836 	 	0.191681 	0.052539 	-0.428784 
1136 	 -584.00 	268.193588     109828 	 	0.188777 	0.050582 	-0.396627 
1144 	 -580.00 	269.720048     110288 	 	0.183094 	0.048087 	-0.369723 
1152 	 -576.00 	271.244274     108546 	 	0.181143 	0.046920 	-0.346785 
1160 	 -572.00 	272.759994     108952 	 	0.175567 	0.044466 	-0.321707 
1168 	 -568.00 	274.274406     108545 	 	0.172531 	0.043105 	-0.305157 
1176 	 -564.00 	275.776651     108964 	 	0.169989 	0.041610 	-0.282731 
1184 	 -560.00 	277.272353     112915 	 	0.166708 	0.040193 	-0.266003 
1192 	 -556.00 	278.764960     111757 	 	0.163970 	0.039387 	-0.260444 
1200 	 -552.00 	280.249021     114036 	 	0.159023 	0.037310 	-0.238847 
1208 	 -548.00 	281.727804     112927 	 	0.153579 	0.034934 	-0.211542 
1216 	 -544.00 	283.199449     113902 	 	0.151149 	0.034068 	-0.200397 
1224 	 -540.00 	284.670144     113591 	 	0.147530 	0.032510 	-0.185380 
1232 	 -536.00 	286.127708     115793 	 	0.144440 	0.031169 	-0.171934 
1240 	 -532.00 	287.577892     115617 	 	0.142207 	0.030461 	-0.168785 
1248 	 -528.00 	289.025219     113457 	 	0.138179 	0.028559 	-0.146238 
1256 	 -524.00 	290.461880     114074 	 	0.134959 	0.027407 	-0.136167 
1264 	 -520.00 	291.892438     116111 	 	0.132566 	0.026634 	-0.129289 
1272 	 -516.00 	293.317187     117721 	 	0.130453 	0.025733 	-0.120023 
1280 	 -512.00 	294.735092     118371 	 	0.129771 	0.025324 	-0.114130 
1288 	 -508.00 	296.147520     118512 	 	0.131357 	0.025749 	-0.117114 
1296 	 -504.00 	297.552112     118428 	 	0.127608 	0.024538 	-0.108374 
1304 	 -500.00 	298.946078     118828 	 	0.125817 	0.023878 	-0.101942 
1312 	 -496.00 	300.333974     117017 	 	0.123959 	0.023183 	-0.096811 
1320 	 -492.00 	301.716516     118083 	 	0.122464 	0.022645 	-0.092825 
1328 	 -488.00 	303.090445     117514 	 	0.117736 	0.021106 	-0.081592 
1336 	 -484.00 	304.453702     116702 	 	0.117597 	0.020971 	-0.079602 
1344 	 -480.00 	305.814010     117624 	 	0.114876 	0.020225 	-0.075002 
1352 	 -476.00 	307.166538     117074 	 	0.113685 	0.019824 	-0.072499 
1360 	 -472.00 	308.509123     118846 	 	0.111483 	0.018986 	-0.066257 
1368 	 -468.00 	309.845783     118242 	 	0.108706 	0.018117 	-0.060658 
1376 	 -464.00 	311.175771     120310 	 	0.107235 	0.017730 	-0.058710 
1384 	 -460.00 	312.498645     116725 	 	0.106170 	0.017224 	-0.054473 
1392 	 -456.00 	313.809017     117614 	 	0.104771 	0.016727 	-0.051163 
1400 	 -452.00 	315.112781     116638 	 	0.103765 	0.016384 	-0.049040 
1408 	 -448.00 	316.413179     114855 	 	0.102135 	0.015885 	-0.046430 
1416 	 -444.00 	317.702811     113180 	 	0.101050 	0.015638 	-0.045487 
1424 	 -440.00 	318.984880     113510 	 	0.099708 	0.015173 	-0.042644 
1432 	 -436.00 	320.260007     110900 	 	0.097942 	0.014596 	-0.039552 
1440 	 -432.00 	321.524197     111872 	 	0.097322 	0.014410 	-0.039061 
1448 	 -428.00 	322.779119     109510 	 	0.095436 	0.013913 	-0.036535 
1456 	 -424.00 	324.027604     109766 	 	0.093947 	0.013590 	-0.035662 
1464 	 -420.00 	325.264117     109846 	 	0.092227 	0.013159 	-0.033946 
1472 	 -416.00 	326.492661     110641 	 	0.091754 	0.012951 	-0.032371 
1480 	 -412.00 	327.711054     110676 	 	0.091980 	0.013067 	-0.033169 
1488 	 -408.00 	328.926287     112390 	 	0.089857 	0.012456 	-0.029594 
1496 	 -404.00 	330.128685     110942 	 	0.090167 	0.012442 	-0.029652 
1504 	 -400.00 	331.322748     112359 	 	0.090178 	0.012428 	-0.029265 
1512 	 -396.00 	332.510573     109509 	 	0.087335 	0.011756 	-0.026636 
1520 	 -392.00 	333.691127     108650 	 	0.085495 	0.011299 	-0.024819 
1528 	 -388.00 	334.859803     108080 	 	0.084471 	0.011019 	-0.023667 
1536 	 -384.00 	336.019466     107898 	 	0.082481 	0.010453 	-0.021153 
1544 	 -380.00 	337.171665     108259 	 	0.081053 	0.010060 	-0.019317 
1552 	 -376.00 	338.313673     108028 	 	0.078847 	0.009618 	-0.018214 
1560 	 -372.00 	339.449137     108484 	 	0.078304 	0.009419 	-0.017228 
1568 	 -368.00 	340.570501     106351 	 	0.077716 	0.009284 	-0.016686 
1576 	 -364.00 	341.683648     107286 	 	0.077336 	0.009165 	-0.016016 
1584 	 -360.00 	342.783804     107004 	 	0.076780 	0.009040 	-0.015602 
1592 	 -356.00 	343.881310     108246 	 	0.074816 	0.008573 	-0.014070 
1600 	 -352.00 	344.964008     107691 	 	0.073394 	0.008281 	-0.013351 
1608 	 -348.00 	346.039015     107780 	 	0.072618 	0.008098 	-0.012736 
1616 	 -344.00 	347.102548     109461 	 	0.072031 	0.007954 	-0.012224 
1624 	 -340.00 	348.160254     109602 	 	0.070706 	0.007743 	-0.011891 
1632 	 -336.00 	349.206182     109690 	 	0.070640 	0.007712 	-0.011758 
1640 	 -332.00 	350.246521     108589 	 	0.069580 	0.007513 	-0.011265 
1648 	 -328.00 	351.271617     110340 	 	0.068760 	0.007333 	-0.010582 
1656 	 -324.00 	352.289381     108347 	 	0.067783 	0.007193 	-0.010423 
1664 	 -320.00 	353.296335     108934 	 	0.067182 	0.007083 	-0.010044 
1672 	 -316.00 	354.291192     107925 	 	0.065748 	0.006851 	-0.009644 
1680 	 -312.00 	355.275245     107126 	 	0.065063 	0.006714 	-0.009319 
1688 	 -308.00 	356.248776     106542 	 	0.065567 	0.006716 	-0.009003 
1696 	 -304.00 	357.211632     107824 	 	0.064325 	0.006498 	-0.008586 
1704 	 -300.00 	358.167023     108383 	 	0.063164 	0.006261 	-0.007989 
1712 	 -296.00 	359.111203     108543 	 	0.062644 	0.006142 	-0.007688 
1720 	 -292.00 	360.044373     109950 	 	0.061837 	0.005959 	-0.007181 
1728 	 -288.00 	360.965652     110241 	 	0.061301 	0.005869 	-0.006996 
1736 	 -284.00 	361.879488     110021 	 	0.060763 	0.005746 	-0.006675 
1744 	 -280.00 	362.779421     110042 	 	0.060402 	0.005697 	-0.006597 
1752 	 -276.00 	363.670279     109487 	 	0.058934 	0.005467 	-0.006186 
1760 	 -272.00 	364.549283     109523 	 	0.058681 	0.005384 	-0.005884 
1768 	 -268.00 	365.417439     110625 	 	0.057716 	0.005189 	-0.005440 
1776 	 -264.00 	366.271881     110821 	 	0.057348 	0.005100 	-0.005161 
1784 	 -260.00 	367.114214     111493 	 	0.057435 	0.005081 	-0.005123 
1792 	 -256.00 	367.949861     111507 	 	0.056431 	0.004920 	-0.004849 
1800 	 -252.00 	368.773098     111015 	 	0.056040 	0.004850 	-0.004656 
1808 	 -248.00 	369.582144     110241 	 	0.055389 	0.004766 	-0.004561 
1816 	 -244.00 	370.382999     111502 	 	0.054810 	0.004672 	-0.004368 
1824 	 -240.00 	371.174391     111271 	 	0.054407 	0.004583 	-0.004186 
1832 	 -236.00 	371.954424     111522 	 	0.053681 	0.004468 	-0.003913 
1840 	 -232.00 	372.721111     110164 	 	0.052935 	0.004356 	-0.003735 
1848 	 -228.00 	373.475726     109755 	 	0.052556 	0.004278 	-0.003565 
1856 	 -224.00 	374.220076     110104 	 	0.051911 	0.004177 	-0.003415 
1864 	 -220.00 	374.952415     110160 	 	0.051554 	0.004113 	-0.003286 
1872 	 -216.00 	375.671716     109550 	 	0.050961 	0.004021 	-0.003194 
1880 	 -212.00 	376.378830     109666 	 	0.049937 	0.003909 	-0.003118 
1888 	 -208.00 	377.074458     109322 	 	0.049594 	0.003835 	-0.002998 
1896 	 -204.00 	377.757786     109579 	 	0.049511 	0.003808 	-0.002925 
1904 	 -200.00 	378.427520     111308 	 	0.048862 	0.003717 	-0.002801 
1912 	 -196.00 	379.087742     111853 	 	0.048311 	0.003623 	-0.002649 
1920 	 -192.00 	379.731325     111497 	 	0.047562 	0.003507 	-0.002494 
1928 	 -188.00 	380.365675     111823 	 	0.047131 	0.003447 	-0.002419 
1936 	 -184.00 	380.988886     112559 	 	0.046749 	0.003400 	-0.002361 
1944 	 -180.00 	381.600397     113161 	 	0.046226 	0.003320 	-0.002220 
1952 	 -176.00 	382.199241     113606 	 	0.045804 	0.003267 	-0.002165 
1960 	 -172.00 	382.782497     113562 	 	0.045616 	0.003214 	-0.002047 
1968 	 -168.00 	383.351805     113898 	 	0.045434 	0.003196 	-0.002016 
1976 	 -164.00 	383.912973     113200 	 	0.045119 	0.003168 	-0.001993 
1984 	 -160.00 	384.459603     112418 	 	0.044330 	0.003058 	-0.001860 
1992 	 -156.00 	384.996521     112746 	 	0.044277 	0.003038 	-0.001819 
2000 	 -152.00 	385.518438     112326 	 	0.043937 	0.002992 	-0.001770 
2008 	 -148.00 	386.027479     112352 	 	0.043515 	0.002948 	-0.001738 
2016 	 -144.00 	386.521509     113017 	 	0.043536 	0.002944 	-0.001719 
2024 	 -140.00 	387.003785     112407 	 	0.042928 	0.002881 	-0.001684 
2032 	 -136.00 	387.472381     113302 	 	0.042627 	0.002839 	-0.001637 
2040 	 -132.00 	387.928623     111162 	 	0.042553 	0.002834 	-0.001629 
2048 	 -128.00 	388.374335     111189 	 	0.042595 	0.002837 	-0.001641 
2056 	 -124.00 	388.807866     110458 	 	0.042008 	0.002757 	-0.001540 
2064 	 -120.00 	389.226674     111053 	 	0.041887 	0.002734 	-0.001503 
2072 	 -116.00 	389.630548     109605 	 	0.041643 	0.002700 	-0.001462 
2080 	 -112.00 	390.021952     109528 	 	0.041376 	0.002670 	-0.001435 
2088 	 -108.00 	390.399066     108618 	 	0.040662 	0.002583 	-0.001341 
2096 	 -104.00 	390.762684     108181 	 	0.040654 	0.002584 	-0.001348 
2104 	 -100.00 	391.115272     107968 	 	0.040358 	0.002543 	-0.001302 
2112 	 -96.00 	391.451454     106730 	 	0.040020 	0.002497 	-0.001255 
2120 	 -92.00 	391.775628     106909 	 	0.039760 	0.002455 	-0.001204 
2128 	 -88.00 	392.086216     106324 	 	0.039343 	0.002408 	-0.001165 
2136 	 -84.00 	392.382906     105305 	 	0.038917 	0.002361 	-0.001126 
2144 	 -80.00 	392.666859     104723 	 	0.038753 	0.002343 	-0.001106 
2152 	 -76.00 	392.938417     104610 	 	0.038656 	0.002315 	-0.001072 
2160 	 -72.00 	393.193313     105033 	 	0.038239 	0.002264 	-0.001028 
2168 	 -68.00 	393.434866     105301 	 	0.038037 	0.002247 	-0.001011 
2176 	 -64.00 	393.663777     105369 	 	0.037757 	0.002200 	-0.000953 
2184 	 -60.00 	393.879256     106537 	 	0.037581 	0.002187 	-0.000953 
2192 	 -56.00 	394.079185     106500 	 	0.037148 	0.002140 	-0.000907 
2200 	 -52.00 	394.267996     107043 	 	0.036718 	0.002091 	-0.000874 
2208 	 -48.00 	394.443277     107516 	 	0.036318 	0.002056 	-0.000845 
2216 	 -44.00 	394.600696     106877 	 	0.035807 	0.001990 	-0.000782 
2224 	 -40.00 	394.745389     107672 	 	0.035431 	0.001959 	-0.000766 
2232 	 -36.00 	394.877934     106759 	 	0.034898 	0.001904 	-0.000730 
2240 	 -32.00 	394.996185     106915 	 	0.034756 	0.001893 	-0.000730 
2248 	 -28.00 	395.099127     107826 	 	0.034776 	0.001888 	-0.000716 
2256 	 -24.00 	395.189187     107643 	 	0.034632 	0.001864 	-0.000685 
2264 	 -20.00 	395.265905     109057 	 	0.034454 	0.001838 	-0.000661 
2272 	 -16.00 	395.327987     109300 	 	0.034050 	0.001798 	-0.000635 
2280 	 -12.00 	395.378209     108524 	 	0.033918 	0.001782 	-0.000632 
2288 	  -8.00 	395.411703     107956 	 	0.033900 	0.001781 	-0.000629 
2296 	  -4.00 	395.431596     109334 	 	0.033684 	0.001759 	-0.000616 
2304 	   0.00 	395.439215     108980 	 	0.033271 	0.001718 	-0.000591 
2312 	   4.00 	395.434162     109544 	 	0.033185 	0.001709 	-0.000584 
2320 	   8.00 	395.415372     109072 	 	0.032846 	0.001674 	-0.000559 
2328 	  12.00 	395.380737     108217 	 	0.032419 	0.001630 	-0.000529 
2336 	  16.00 	395.330739     108014 	 	0.032145 	0.001606 	-0.000514 
2344 	  20.00 	395.266012     108462 	 	0.031915 	0.001589 	-0.000510 
2352 	  24.00 	395.187897     109378 	 	0.031575 	0.001554 	-0.000486 
2360 	  28.00 	395.097682     108822 	 	0.031216 	0.001521 	-0.000464 
2368 	  32.00 	394.994105     109522 	 	0.030971 	0.001500 	-0.000452 
2376 	  36.00 	394.873559     110713 	 	0.031023 	0.001501 	-0.000451 
2384 	  40.00 	394.743318     110043 	 	0.030873 	0.001491 	-0.000450 
2392 	  44.00 	394.596630     109709 	 	0.030704 	0.001477 	-0.000442 
2400 	  48.00 	394.435348     109393 	 	0.030322 	0.001450 	-0.000434 
2408 	  52.00 	394.262282     108319 	 	0.030388 	0.001450 	-0.000430 
2416 	  56.00 	394.073369     108450 	 	0.030091 	0.001422 	-0.000417 
2424 	  60.00 	393.874288     106787 	 	0.029865 	0.001397 	-0.000401 
2432 	  64.00 	393.660177     106633 	 	0.029829 	0.001390 	-0.000392 
2440 	  68.00 	393.431846     105315 	 	0.029680 	0.001380 	-0.000385 
2448 	  72.00 	393.186269     105461 	 	0.029304 	0.001354 	-0.000377 
2456 	  76.00 	392.931366     104699 	 	0.029204 	0.001346 	-0.000375 
2464 	  80.00 	392.658126     105182 	 	0.029271 	0.001343 	-0.000368 
2472 	  84.00 	392.373301     106404 	 	0.029062 	0.001319 	-0.000352 
2480 	  88.00 	392.078573     106211 	 	0.028775 	0.001301 	-0.000347 
2488 	  92.00 	391.767379     105960 	 	0.028413 	0.001268 	-0.000328 
2496 	  96.00 	391.442171     106217 	 	0.028105 	0.001238 	-0.000312 
2504 	 100.00 	391.102950     106631 	 	0.027909 	0.001228 	-0.000310 
2512 	 104.00 	390.752219     106093 	 	0.027708 	0.001208 	-0.000298 
2520 	 108.00 	390.391969     103679 	 	0.027598 	0.001200 	-0.000295 
2528 	 112.00 	390.012576     104071 	 	0.027356 	0.001178 	-0.000282 
2536 	 116.00 	389.621953     104058 	 	0.027287 	0.001164 	-0.000273 
2544 	 120.00 	389.220263     103549 	 	0.027108 	0.001154 	-0.000269 
2552 	 124.00 	388.802241     102783 	 	0.027174 	0.001163 	-0.000276 
2560 	 128.00 	388.374207     103390 	 	0.027160 	0.001155 	-0.000270 
2568 	 132.00 	387.930836     102436 	 	0.026811 	0.001134 	-0.000265 
2576 	 136.00 	387.473083     103079 	 	0.026659 	0.001122 	-0.000257 
2584 	 140.00 	387.002310     103935 	 	0.026672 	0.001123 	-0.000260 
2592 	 144.00 	386.519398     104757 	 	0.026604 	0.001109 	-0.000251 
2600 	 148.00 	386.021502     105262 	 	0.026330 	0.001095 	-0.000250 
2608 	 152.00 	385.513192     106019 	 	0.026060 	0.001074 	-0.000243 
2616 	 156.00 	384.991545     105511 	 	0.026051 	0.001071 	-0.000242 
2624 	 160.00 	384.453406     105607 	 	0.025972 	0.001067 	-0.000241 
2632 	 164.00 	383.904921     106129 	 	0.025802 	0.001059 	-0.000240 
2640 	 168.00 	383.345972     105289 	 	0.025525 	0.001033 	-0.000227 
2648 	 172.00 	382.774571     105091 	 	0.025572 	0.001031 	-0.000223 
2656 	 176.00 	382.188905     104917 	 	0.025536 	0.001031 	-0.000225 
2664 	 180.00 	381.591865     103870 	 	0.025525 	0.001029 	-0.000222 
2672 	 184.00 	380.982121     104149 	 	0.025259 	0.001011 	-0.000216 
2680 	 188.00 	380.359165     104166 	 	0.025178 	0.000996 	-0.000201 
2688 	 192.00 	379.724999     104955 	 	0.025107 	0.000988 	-0.000197 
2696 	 196.00 	379.076078     105014 	 	0.024913 	0.000969 	-0.000188 
2704 	 200.00 	378.416166     105090 	 	0.024800 	0.000962 	-0.000191 
2712 	 204.00 	377.746854     105550 	 	0.024591 	0.000950 	-0.000185 
2720 	 208.00 	377.062706     105090 	 	0.024421 	0.000931 	-0.000174 
2728 	 212.00 	376.366698     106055 	 	0.024414 	0.000934 	-0.000177 
2736 	 216.00 	375.657235     106953 	 	0.024204 	0.000915 	-0.000168 
2744 	 220.00 	374.938535     108158 	 	0.023929 	0.000904 	-0.000169 
2752 	 224.00 	374.207465     109536 	 	0.024105 	0.000915 	-0.000172 
2760 	 228.00 	373.466940     108210 	 	0.023961 	0.000905 	-0.000168 
2768 	 232.00 	372.710321     107312 	 	0.023887 	0.000903 	-0.000168 
2776 	 236.00 	371.943775     109514 	 	0.023695 	0.000885 	-0.000160 
2784 	 240.00 	371.165806     108211 	 	0.023528 	0.000871 	-0.000157 
2792 	 244.00 	370.377610     107794 	 	0.023798 	0.000890 	-0.000161 
2800 	 248.00 	369.573545     106771 	 	0.023842 	0.000894 	-0.000164 
2808 	 252.00 	368.761973     108428 	 	0.023789 	0.000889 	-0.000161 
2816 	 256.00 	367.937869     108347 	 	0.023716 	0.000884 	-0.000159 
2824 	 260.00 	367.107313     108368 	 	0.023625 	0.000872 	-0.000153 
2832 	 264.00 	366.260385     109095 	 	0.023646 	0.000874 	-0.000156 
2840 	 268.00 	365.401679     110232 	 	0.023326 	0.000858 	-0.000153 
2848 	 272.00 	364.533884     111006 	 	0.023288 	0.000854 	-0.000154 
2856 	 276.00 	363.656645     109721 	 	0.023119 	0.000844 	-0.000151 
2864 	 280.00 	362.766984     108275 	 	0.023290 	0.000852 	-0.000151 
2872 	 284.00 	361.866616     109538 	 	0.023051 	0.000838 	-0.000147 
2880 	 288.00 	360.956313     109541 	 	0.022964 	0.000828 	-0.000142 
2888 	 292.00 	360.032649     109559 	 	0.022630 	0.000808 	-0.000137 
2896 	 296.00 	359.100459     109670 	 	0.022549 	0.000802 	-0.000137 
2904 	 300.00 	358.159931     110123 	 	0.022166 	0.000779 	-0.000131 
2912 	 304.00 	357.202720     111004 	 	0.022166 	0.000779 	-0.000132 
2920 	 308.00 	356.238936     109486 	 	0.022154 	0.000776 	-0.000131 
2928 	 312.00 	355.262864     110201 	 	0.021854 	0.000759 	-0.000123 
2936 	 316.00 	354.274231     111225 	 	0.021721 	0.000752 	-0.000122 
2944 	 320.00 	353.279451     110792 	 	0.021559 	0.000742 	-0.000118 
2952 	 324.00 	352.275164     109396 	 	0.021423 	0.000726 	-0.000111 
2960 	 328.00 	351.258898     110593 	 	0.021173 	0.000713 	-0.000107 
2968 	 332.00 	350.233838     109894 	 	0.021370 	0.000720 	-0.000107 
2976 	 336.00 	349.195056     111379 	 	0.021350 	0.000719 	-0.000106 
2984 	 340.00 	348.146697     112576 	 	0.021254 	0.000710 	-0.000101 
2992 	 344.00 	347.092824     111868 	 	0.021136 	0.000701 	-0.000100 
3000 	 348.00 	346.026210     112021 	 	0.020905 	0.000687 	-0.000097 
3008 	 352.00 	344.949954     112692 	 	0.020695 	0.000676 	-0.000095 
3016 	 356.00 	343.865770     112076 	 	0.020632 	0.000674 	-0.000096 
3024 	 360.00 	342.772237     112910 	 	0.020388 	0.000656 	-0.000091 
3032 	 364.00 	341.667743     114842 	 	0.020535 	0.000666 	-0.000093 
3040 	 368.00 	340.553933     114439 	 	0.020515 	0.000664 	-0.000091 
3048 	 372.00 	339.431875     112259 	 	0.020310 	0.000648 	-0.000087 
3056 	 376.00 	338.299060     112125 	 	0.020279 	0.000646 	-0.000085 
3064 	 380.00 	337.156266     112844 	 	0.020309 	0.000646 	-0.000085 
3072 	 384.00 	336.007535     111749 	 	0.019937 	0.000624 	-0.000079 
3080 	 388.00 	334.847628     113706 	 	0.020022 	0.000629 	-0.000081 
3088 	 392.00 	333.678694     113867 	 	0.019593 	0.000609 	-0.000079 
3096 	 396.00 	332.500341     114857 	 	0.019749 	0.000615 	-0.000078 
3104 	 400.00 	331.315174     115326 	 	0.019546 	0.000601 	-0.000074 
3112 	 404.00 	330.123209     115036 	 	0.019699 	0.000612 	-0.000077 
3120 	 408.00 	328.915696     116029 	 	0.019689 	0.000608 	-0.000075 
3128 	 412.00 	327.703014     115929 	 	0.019582 	0.000601 	-0.000073 
3136 	 416.00 	326.482350     116399 	 	0.019490 	0.000600 	-0.000075 
3144 	 420.00 	325.251233     115775 	 	0.019087 	0.000577 	-0.000071 
3152 	 424.00 	324.015846     116391 	 	0.019086 	0.000577 	-0.000070 
3160 	 428.00 	322.767638     116441 	 	0.018884 	0.000566 	-0.000068 
3168 	 432.00 	321.514062     115590 	 	0.018992 	0.000566 	-0.000065 
3176 	 436.00 	320.251069     115658 	 	0.018707 	0.000551 	-0.000063 
3184 	 440.00 	318.977170     116405 	 	0.019103 	0.000572 	-0.000067 
3192 	 444.00 	317.694556     114996 	 	0.018984 	0.000566 	-0.000065 
3200 	 448.00 	316.407363     115319 	 	0.019094 	0.000569 	-0.000066 
3208 	 452.00 	315.109366     116889 	 	0.019131 	0.000574 	-0.000066 
3216 	 456.00 	313.802182     117810 	 	0.019028 	0.000569 	-0.000066 
3224 	 460.00 	312.492122     119011 	 	0.018968 	0.000568 	-0.000066 
3232 	 464.00 	311.171650     117478 	 	0.018738 	0.000555 	-0.000063 
3240 	 468.00 	309.840968     117757 	 	0.018815 	0.000558 	-0.000064 
3248 	 472.00 	308.505316     119541 	 	0.018871 	0.000559 	-0.000063 
3256 	 476.00 	307.162356     118351 	 	0.018956 	0.000565 	-0.000065 
3264 	 480.00 	305.812721     118156 	 	0.018410 	0.000537 	-0.000060 
3272 	 484.00 	304.453532     116739 	 	0.018408 	0.000538 	-0.000060 
3280 	 488.00 	303.086245     120023 	 	0.018323 	0.000533 	-0.000059 
3288 	 492.00 	301.710701     120161 	 	0.018581 	0.000542 	-0.000060 
3296 	 496.00 	300.328050     116707 	 	0.018517 	0.000542 	-0.000061 
3304 	 500.00 	298.941254     116568 	 	0.018180 	0.000522 	-0.000056 
3312 	 504.00 	297.541896     118554 	 	0.018249 	0.000526 	-0.000058 
3320 	 508.00 	296.140069     117747 	 	0.018096 	0.000520 	-0.000056 
3328 	 512.00 	294.730866     116008 	 	0.017885 	0.000511 	-0.000056 
3336 	 516.00 	293.314358     115854 	 	0.017816 	0.000500 	-0.000051 
3344 	 520.00 	291.889967     115382 	 	0.017666 	0.000491 	-0.000050 
3352 	 524.00 	290.460344     115474 	 	0.017651 	0.000489 	-0.000049 
3360 	 528.00 	289.018171     112422 	 	0.017525 	0.000478 	-0.000045 
3368 	 532.00 	287.575407     111563 	 	0.017599 	0.000482 	-0.000046 
3376 	 536.00 	286.126823     111298 	 	0.017750 	0.000492 	-0.000047 
3384 	 540.00 	284.671673     110069 	 	0.017550 	0.000477 	-0.000044 
3392 	 544.00 	283.203051     108664 	 	0.017709 	0.000485 	-0.000045 
3400 	 548.00 	281.732726     107779 	 	0.017517 	0.000477 	-0.000045 
3408 	 552.00 	280.255266     106703 	 	0.017283 	0.000469 	-0.000045 
3416 	 556.00 	278.770928     104731 	 	0.017253 	0.000466 	-0.000043 
3424 	 560.00 	277.287593     102982 	 	0.017474 	0.000476 	-0.000045 
3432 	 564.00 	275.788048     103443 	 	0.017213 	0.000468 	-0.000046 
3440 	 568.00 	274.282007     102845 	 	0.017209 	0.000468 	-0.000045 
3448 	 572.00 	272.773398     102613 	 	0.017192 	0.000464 	-0.000044 
3456 	 576.00 	271.256594     101266 	 	0.017063 	0.000461 	-0.000044 
3464 	 580.00 	269.732900     100047 	 	0.017079 	0.000461 	-0.000045 
3472 	 584.00 	268.206889      98920 	 	0.016936 	0.000449 	-0.000041 
3480 	 588.00 	266.669710      98409 	 	0.016593 	0.000435 	-0.000040 
3488 	 592.00 	265.127262      99593 	 	0.016367 	0.000423 	-0.000037 
3496 	 596.00 	263.581627      99374 	 	0.016279 	0.000417 	-0.000036 
3504 	 600.00 	262.029378     100117 	 	0.016254 	0.000416 	-0.000036 
3512 	 604.00 	260.477108     100782 	 	0.016253 	0.000418 	-0.000037 
3520 	 608.00 	258.912323     100777 	 	0.016355 	0.000422 	-0.000037 
3528 	 612.00 	257.346316     101091 	 	0.016058 	0.000408 	-0.000035 
3536 	 616.00 	255.771188     100059 	 	0.016041 	0.000412 	-0.000037 
3544 	 620.00 	254.190450      99629 	 	0.015919 	0.000405 	-0.000036 
3552 	 624.00 	252.611895      99009 	 	0.015765 	0.000398 	-0.000035 
3560 	 628.00 	251.020593      99800 	 	0.015959 	0.000405 	-0.000035 
3568 	 632.00 	249.421763      99649 	 	0.016151 	0.000411 	-0.000035 
3576 	 636.00 	247.819428     101740 	 	0.016163 	0.000416 	-0.000037 
3584 	 640.00 	246.214328     101914 	 	0.016104 	0.000412 	-0.000036 
3592 	 644.00 	244.605737     101727 	 	0.015802 	0.000397 	-0.000033 
3600 	 648.00 	242.986320     101936 	 	0.015550 	0.000385 	-0.000031 
3608 	 652.00 	241.363011     100342 	 	0.015718 	0.000387 	-0.000030 
3616 	 656.00 	239.743506     100512 	 	0.015643 	0.000387 	-0.000031 
3624 	 660.00 	238.116991      98776 	 	0.015392 	0.000373 	-0.000029 
3632 	 664.00 	236.483592      96397 	 	0.015458 	0.000382 	-0.000031 
3640 	 668.00 	234.842705      94836 	 	0.015521 	0.000384 	-0.000031 
3648 	 672.00 	233.201564      93874 	 	0.015311 	0.000374 	-0.000029 
3656 	 676.00 	231.558417      91839 	 	0.015528 	0.000380 	-0.000030 
3664 	 680.00 	229.907991      91913 	 	0.015250 	0.000364 	-0.000026 
3672 	 684.00 	228.249420      92449 	 	0.015076 	0.000354 	-0.000025 
3680 	 688.00 	226.585893      92884 	 	0.014927 	0.000349 	-0.000025 
3688 	 692.00 	224.924671      91557 	 	0.014873 	0.000352 	-0.000026 
3696 	 696.00 	223.256382      93679 	 	0.015112 	0.000365 	-0.000028 
3704 	 700.00 	221.586674      92692 	 	0.014784 	0.000349 	-0.000026 
3712 	 704.00 	219.908320      93721 	 	0.014826 	0.000348 	-0.000025 
3720 	 708.00 	218.227841      94602 	 	0.014786 	0.000343 	-0.000024 
3728 	 712.00 	216.544888      96712 	 	0.014415 	0.000331 	-0.000023 
3736 	 716.00 	214.854254      95531 	 	0.014496 	0.000334 	-0.000024 
3744 	 720.00 	213.167323      98141 	 	0.014520 	0.000336 	-0.000024 
3752 	 724.00 	211.475421      96165 	 	0.014391 	0.000331 	-0.000023 
3760 	 728.00 	209.781647      97338 	 	0.014431 	0.000328 	-0.000022 
3768 	 732.00 	208.079974      94506 	 	0.014325 	0.000324 	-0.000022 
3776 	 736.00 	206.379897      97413 	 	0.014403 	0.000328 	-0.000023 
3784 	 740.00 	204.681704      94876 	 	0.014505 	0.000335 	-0.000023 
3792 	 744.00 	202.975630      95594 	 	0.014258 	0.000323 	-0.000022 
3800 	 748.00 	201.267182      95158 	 	0.014498 	0.000332 	-0.000022 
3808 	 752.00 	199.557108      95332 	 	0.014319 	0.000321 	-0.000021 
3816 	 756.00 	197.839658      95028 	 	0.014281 	0.000319 	-0.000020 
3824 	 760.00 	196.125772      97430 	 	0.013948 	0.000304 	-0.000018 
3832 	 764.00 	194.411465      99672 	 	0.014073 	0.000309 	-0.000019 
3840 	 768.00 	192.692560      97764 	 	0.014055 	0.000312 	-0.000019 
3848 	 772.00 	190.970836      98149 	 	0.014037 	0.000309 	-0.000019 
3856 	 776.00 	189.247303      97159 	 	0.013921 	0.000302 	-0.000017 
3864 	 780.00 	187.520405      97571 	 	0.013946 	0.000305 	-0.000018 
3872 	 784.00 	185.792269      97405 	 	0.013985 	0.000303 	-0.000018 
3880 	 788.00 	184.060270      98863 	 	0.013565 	0.000288 	-0.000016 
3888 	 792.00 	182.329046      99311 	 	0.013323 	0.000277 	-0.000015 
3896 	 796.00 	180.599310      98451 	 	0.013480 	0.000282 	-0.000015 
3904 	 800.00 	178.862394     100727 	 	0.013356 	0.000279 	-0.000016 
3912 	 804.00 	177.121720      98730 	 	0.013440 	0.000283 	-0.000016 
3920 	 808.00 	175.383177      96712 	 	0.013340 	0.000281 	-0.000016 
3928 	 812.00 	173.640458      96618 	 	0.013498 	0.000282 	-0.000015 
3936 	 816.00 	171.896852      96984 	 	0.013342 	0.000279 	-0.000015 
3944 	 820.00 	170.150048      97268 	 	0.013151 	0.000269 	-0.000014 
3952 	 824.00 	168.401013      99280 	 	0.013075 	0.000267 	-0.000014 
3960 	 828.00 	166.647199      96425 	 	0.013108 	0.000270 	-0.000015 
3968 	 832.00 	164.898848      96885 	 	0.012978 	0.000263 	-0.000014 
3976 	 836.00 	163.148167      93473 	 	0.012634 	0.000250 	-0.000012 
3984 	 840.00 	161.393185      92360 	 	0.012746 	0.000253 	-0.000012 
3992 	 844.00 	159.631781      92461 	 	0.012873 	0.000260 	-0.000014 
4000 	 848.00 	157.866613      92759 	 	0.012641 	0.000253 	-0.000013 
4008 	 852.00 	156.103147      92306 	 	0.012815 	0.000257 	-0.000013 
4016 	 856.00 	154.331123      92970 	 	0.012511 	0.000247 	-0.000012 
4024 	 860.00 	152.558702      89873 	 	0.012552 	0.000251 	-0.000013 
4032 	 864.00 	150.781015      92287 	 	0.012481 	0.000248 	-0.000012 
4040 	 868.00 	148.998742      94295 	 	0.012308 	0.000238 	-0.000011 
4048 	 872.00 	147.214326      93533 	 	0.012313 	0.000238 	-0.000011 
4056 	 876.00 	145.419853      95080 	 	0.012209 	0.000236 	-0.000011 
4064 	 880.00 	143.623282      95906 	 	0.012137 	0.000233 	-0.000011 
4072 	 884.00 	141.826557      97858 	 	0.012117 	0.000232 	-0.000011 
4080 	 888.00 	140.028126      96499 	 	0.011941 	0.000227 	-0.000011 
4088 	 892.00 	138.225489      96839 	 	0.011814 	0.000224 	-0.000011 
4096 	 896.00 	136.412892      97754 	 	0.011816 	0.000221 	-0.000010 
4104 	 900.00 	134.603167     102460 	 	0.011830 	0.000222 	-0.000010 
4112 	 904.00 	132.779821     104095 	 	0.011982 	0.000224 	-0.000010 
4120 	 908.00 	130.965559     103831 	 	0.011820 	0.000222 	-0.000010 
4128 	 912.00 	129.140554     102968 	 	0.011605 	0.000214 	-0.000009 
4136 	 916.00 	127.311350     102825 	 	0.011830 	0.000219 	-0.000009 
4144 	 920.00 	125.468595     104286 	 	0.011646 	0.000213 	-0.000009 
4152 	 924.00 	123.634411     101286 	 	0.011557 	0.000210 	-0.000009 
4160 	 928.00 	121.783914     100292 	 	0.011520 	0.000207 	-0.000008 
4168 	 932.00 	119.923776      98249 	 	0.011437 	0.000203 	-0.000008 
4176 	 936.00 	118.068634     100021 	 	0.011432 	0.000203 	-0.000008 
4184 	 940.00 	116.199318      97320 	 	0.011208 	0.000196 	-0.000007 
4192 	 944.00 	114.331810      99139 	 	0.011320 	0.000202 	-0.000008 
4200 	 948.00 	112.455304      99713 	 	0.011116 	0.000194 	-0.000008 
4208 	 952.00 	110.575541      96492 	 	0.010899 	0.000186 	-0.000007 
4216 	 956.00 	108.695860      98968 	 	0.010833 	0.000184 	-0.000007 
4224 	 960.00 	106.800869      99133 	 	0.010580 	0.000176 	-0.000006 
4232 	 964.00 	104.896653     102401 	 	0.010309 	0.000170 	-0.000006 
4240 	 968.00 	102.997390     100406 	 	0.010389 	0.000170 	-0.000006 
4248 	 972.00 	101.065726     104047 	 	0.010332 	0.000169 	-0.000006 
4256 	 976.00 	99.147823     103572 	 	0.010162 	0.000165 	-0.000006 
4264 	 980.00 	97.215741     106098 	 	0.010129 	0.000161 	-0.000005 
4272 	 984.00 	95.282168     108781 	 	0.010051 	0.000159 	-0.000005 
4280 	 988.00 	93.334434     108235 	 	0.010050 	0.000160 	-0.000005 
4288 	 992.00 	91.384847     105805 	 	0.009999 	0.000157 	-0.000005 
4296 	 996.00 	89.425563     109054 	 	0.009660 	0.000149 	-0.000005 
4304 	 1000.00 	87.461764     110124 	 	0.009663 	0.000147 	-0.000004 
4312 	 1004.00 	85.490749     109526 	 	0.009501 	0.000145 	-0.000004 
4320 	 1008.00 	83.504985     112138 	 	0.009428 	0.000141 	-0.000004 
4328 	 1012.00 	81.511793     111985 	 	0.009517 	0.000143 	-0.000004 
4336 	 1016.00 	79.500890     110335 	 	0.009436 	0.000139 	-0.000004 
4344 	 1020.00 	77.491193     112441 	 	0.009311 	0.000136 	-0.000004 
4352 	 1024.00 	75.456362     112989 	 	0.009249 	0.000134 	-0.000004 
4360 	 1028.00 	73.424166     112547 	 	0.009048 	0.000128 	-0.000003 
4368 	 1032.00 	71.371029     109924 	 	0.008909 	0.000124 	-0.000003 
4376 	 1036.00 	69.315487     114451 	 	0.008742 	0.000118 	-0.000003 
4384 	 1040.00 	67.248833     110118 	 	0.008331 	0.000111 	-0.000002 
4392 	 1044.00 	65.158871     112202 	 	0.008348 	0.000110 	-0.000002 
4400 	 1048.00 	63.068741     107409 	 	0.007976 	0.000103 	-0.000002 
4408 	 1052.00 	60.958575     109439 	 	0.008066 	0.000103 	-0.000002 
4416 	 1056.00 	58.837826     108033 	 	0.007995 	0.000102 	-0.000002 
4424 	 1060.00 	56.695361     108020 	 	0.007700 	0.000093 	-0.000002 
4432 	 1064.00 	54.539903     114061 	 	0.007550 	0.000091 	-0.000002 
4440 	 1068.00 	52.355999     114782 	 	0.007545 	0.000092 	-0.000002 
4448 	 1072.00 	50.177968     112675 	 	0.007361 	0.000086 	-0.000002 
4456 	 1076.00 	47.955061     110264 	 	0.007463 	0.000088 	-0.000001 
4464 	 1080.00 	45.749997     109544 	 	0.007456 	0.000089 	-0.000002 
4472 	 1084.00 	43.470512     107686 	 	0.007035 	0.000078 	-0.000001 
4480 	 1088.00 	41.243310     104087 	 	0.006947 	0.000078 	-0.000001 
4488 	 1092.00 	38.885176      99459 	 	0.006472 	0.000069 	-0.000001 
4496 	 1096.00 	36.652614     101939 	 	0.006433 	0.000067 	-0.000001 
4504 	 1100.00 	34.163961     100191 	 	0.006062 	0.000056 	-0.000001 
4512 	 1104.00 	31.958690      95105 	 	0.005966 	0.000058 	-0.000001 
4520 	 1108.00 	29.304518      91121 	 	0.004901 	0.000042 	-0.000000 
4528 	 1112.00 	27.177547      92267 	 	0.005810 	0.000052 	-0.000001 
4536 	 1116.00 	24.262787      90112 	 	0.004983 	0.000035 	-0.000000 
4544 	 1120.00 	22.266503      92450 	 	0.005190 	0.000046 	-0.000000 
4552 	 1124.00 	18.958360      95316 	 	0.003479 	0.000024 	-0.000000 
4560 	 1128.00 	17.192756      99157 	 	0.005019 	0.000035 	-0.000000 
4568 	 1132.00 	13.256589      99857 	 	0.003468 	0.000012 	-0.000000 
4576 	 1136.00 	11.880451     104548 	 	0.003430 	0.000024 	-0.000000 
4584 	 1140.00 	6.907858      87677 	 	0.000000 	0.000000 	-0.000000 
4592 	 1144.00 	6.219597      96424 	 	0.003472 	0.000012 	-0.000000 
4608 	 1152.00 	-0.153166      88774 	 	0.000000 	0.000000 	-0.000000 
