#i 	E(i) 	 	log[g(E)] 	  H(E) 	 	<M> 	 	<M^2> 	 	<M^4>
#----------------------------------------------------------------------------------------------------
0 	 -2312.00 	0.000000    1057482 	 	1.000000 	1.000000 	1.000000 
16 	 -2304.00 	7.025493    1173549 	 	0.998270 	0.996543 	0.993098 
24 	 -2300.00 	7.718452    1203569 	 	0.996540 	0.993092 	0.986231 
32 	 -2296.00 	13.360890    1258773 	 	0.996517 	0.993045 	0.986139 
40 	 -2292.00 	14.757570    1230860 	 	0.994785 	0.989596 	0.979301 
48 	 -2288.00 	19.335523    1252624 	 	0.994718 	0.989464 	0.979040 
56 	 -2284.00 	21.126685    1237288 	 	0.993009 	0.986066 	0.972328 
64 	 -2280.00 	25.067040    1204245 	 	0.992875 	0.985802 	0.971806 
72 	 -2276.00 	27.111905    1220946 	 	0.991175 	0.982429 	0.965169 
80 	 -2272.00 	30.614251    1231010 	 	0.990963 	0.982008 	0.964344 
88 	 -2268.00 	32.821041    1246588 	 	0.989353 	0.978821 	0.958093 
96 	 -2264.00 	35.983678    1220650 	 	0.988988 	0.978098 	0.956681 
104 	 -2260.00 	38.316870    1189318 	 	0.987459 	0.975077 	0.950780 
112 	 -2256.00 	41.272625    1175020 	 	0.986992 	0.974155 	0.948983 
120 	 -2252.00 	43.656799    1175253 	 	0.985529 	0.971269 	0.943369 
128 	 -2248.00 	46.432050    1192039 	 	0.984922 	0.970073 	0.941051 
136 	 -2244.00 	48.860849    1190126 	 	0.983570 	0.967412 	0.935894 
144 	 -2240.00 	51.505577    1191712 	 	0.982817 	0.965932 	0.933036 
152 	 -2236.00 	53.948437    1185047 	 	0.981547 	0.963437 	0.928221 
160 	 -2232.00 	56.513417    1176092 	 	0.980678 	0.961734 	0.924946 
168 	 -2228.00 	58.948613    1161584 	 	0.979485 	0.959395 	0.920452 
176 	 -2224.00 	61.443740    1141837 	 	0.978543 	0.957550 	0.916920 
184 	 -2220.00 	63.864799    1122097 	 	0.977358 	0.955233 	0.912488 
192 	 -2216.00 	66.312158    1118072 	 	0.976426 	0.953413 	0.909017 
200 	 -2212.00 	68.701374    1130232 	 	0.975237 	0.951093 	0.904599 
208 	 -2208.00 	71.108984    1116877 	 	0.974212 	0.949096 	0.900808 
216 	 -2204.00 	73.475899    1118496 	 	0.973076 	0.946884 	0.896615 
224 	 -2200.00 	75.844814    1119347 	 	0.972010 	0.944811 	0.892696 
232 	 -2196.00 	78.185013    1125011 	 	0.970828 	0.942516 	0.888368 
240 	 -2192.00 	80.519228    1119154 	 	0.969767 	0.940457 	0.884492 
248 	 -2188.00 	82.839819    1120886 	 	0.968560 	0.938118 	0.880102 
256 	 -2184.00 	85.149118    1112286 	 	0.967431 	0.935933 	0.876012 
264 	 -2180.00 	87.441233    1134754 	 	0.966301 	0.933750 	0.871932 
272 	 -2176.00 	89.728753    1118000 	 	0.965152 	0.931530 	0.867794 
280 	 -2172.00 	91.997484    1127740 	 	0.963932 	0.929178 	0.863422 
288 	 -2168.00 	94.265548    1115327 	 	0.962789 	0.926978 	0.859342 
296 	 -2164.00 	96.505958    1118635 	 	0.961657 	0.924800 	0.855312 
304 	 -2160.00 	98.739566    1136252 	 	0.960520 	0.922615 	0.851278 
312 	 -2156.00 	100.972506    1127165 	 	0.959317 	0.920307 	0.847030 
320 	 -2152.00 	103.186558    1133343 	 	0.958101 	0.917976 	0.842749 
328 	 -2148.00 	105.393252    1140668 	 	0.956870 	0.915620 	0.838435 
336 	 -2144.00 	107.587371    1146331 	 	0.955664 	0.913315 	0.834223 
344 	 -2140.00 	109.787391    1141724 	 	0.954441 	0.910980 	0.829966 
352 	 -2136.00 	111.963474    1151625 	 	0.953262 	0.908733 	0.825880 
360 	 -2132.00 	114.142745    1157565 	 	0.952051 	0.906425 	0.821696 
368 	 -2128.00 	116.299578    1157569 	 	0.950824 	0.904092 	0.817478 
376 	 -2124.00 	118.453759    1168734 	 	0.949620 	0.901806 	0.813354 
384 	 -2120.00 	120.610059    1145655 	 	0.948275 	0.899256 	0.808768 
392 	 -2116.00 	122.749187    1144530 	 	0.947052 	0.896939 	0.804613 
400 	 -2112.00 	124.884373    1139540 	 	0.945693 	0.894369 	0.800015 
408 	 -2108.00 	127.012081    1142955 	 	0.944404 	0.891934 	0.795675 
416 	 -2104.00 	129.132555    1135253 	 	0.943096 	0.889467 	0.791284 
424 	 -2100.00 	131.237578    1139061 	 	0.941791 	0.887010 	0.786925 
432 	 -2096.00 	133.347316    1135938 	 	0.940492 	0.884568 	0.782606 
440 	 -2092.00 	135.442783    1139940 	 	0.939189 	0.882120 	0.778290 
448 	 -2088.00 	137.531603    1143055 	 	0.937763 	0.879448 	0.773597 
456 	 -2084.00 	139.613734    1150846 	 	0.936448 	0.876987 	0.769285 
464 	 -2080.00 	141.695767    1150713 	 	0.934958 	0.874203 	0.764422 
472 	 -2076.00 	143.768311    1147323 	 	0.933638 	0.871738 	0.760124 
480 	 -2072.00 	145.836790    1139352 	 	0.932262 	0.869174 	0.755673 
488 	 -2068.00 	147.896470    1128510 	 	0.930837 	0.866521 	0.751079 
496 	 -2064.00 	149.949034    1140893 	 	0.929503 	0.864043 	0.746798 
504 	 -2060.00 	151.997398    1139898 	 	0.928152 	0.861535 	0.742477 
512 	 -2056.00 	154.035765    1136377 	 	0.926665 	0.858783 	0.737762 
520 	 -2052.00 	156.081318    1139954 	 	0.925145 	0.855973 	0.732956 
528 	 -2048.00 	158.102265    1150105 	 	0.923730 	0.853358 	0.728494 
536 	 -2044.00 	160.131505    1145356 	 	0.922370 	0.850850 	0.724227 
544 	 -2040.00 	162.144893    1166744 	 	0.920874 	0.848096 	0.719559 
552 	 -2036.00 	164.164340    1164153 	 	0.919505 	0.845582 	0.715321 
560 	 -2032.00 	166.170574    1151113 	 	0.917947 	0.842720 	0.710487 
568 	 -2028.00 	168.177129    1143946 	 	0.916482 	0.840037 	0.705987 
576 	 -2024.00 	170.174568    1139320 	 	0.914888 	0.837121 	0.701106 
584 	 -2020.00 	172.172374    1148821 	 	0.913288 	0.834206 	0.696265 
592 	 -2016.00 	174.161793    1137204 	 	0.911700 	0.831311 	0.691451 
600 	 -2012.00 	176.155151    1123813 	 	0.910251 	0.828679 	0.687105 
608 	 -2008.00 	178.135557    1111762 	 	0.908722 	0.825903 	0.682528 
616 	 -2004.00 	180.116789    1106742 	 	0.907281 	0.823288 	0.678219 
624 	 -2000.00 	182.083064    1116597 	 	0.905647 	0.820333 	0.673387 
632 	 -1996.00 	184.052083    1124941 	 	0.903940 	0.817254 	0.668374 
640 	 -1992.00 	186.024020    1122180 	 	0.902227 	0.814169 	0.663366 
648 	 -1988.00 	187.977863    1128539 	 	0.900647 	0.811329 	0.658773 
656 	 -1984.00 	189.939987    1128097 	 	0.899025 	0.808415 	0.654066 
664 	 -1980.00 	191.886083    1135870 	 	0.897348 	0.805412 	0.649248 
672 	 -1976.00 	193.833834    1142806 	 	0.895693 	0.802454 	0.644518 
680 	 -1972.00 	195.776375    1141202 	 	0.893866 	0.799198 	0.639344 
688 	 -1968.00 	197.719854    1141607 	 	0.892253 	0.796327 	0.634791 
696 	 -1964.00 	199.655304    1144544 	 	0.890494 	0.793198 	0.629832 
704 	 -1960.00 	201.583280    1151760 	 	0.888847 	0.790278 	0.625242 
712 	 -1956.00 	203.517251    1144063 	 	0.887250 	0.787444 	0.620778 
720 	 -1952.00 	205.436945    1161655 	 	0.885534 	0.784412 	0.616036 
728 	 -1948.00 	207.357088    1160813 	 	0.883678 	0.781148 	0.610981 
736 	 -1944.00 	209.276435    1164380 	 	0.881857 	0.777946 	0.606023 
744 	 -1940.00 	211.181225    1170322 	 	0.879890 	0.774490 	0.600686 
752 	 -1936.00 	213.095754    1167197 	 	0.878036 	0.771247 	0.595717 
760 	 -1932.00 	215.005271    1162396 	 	0.876134 	0.767932 	0.590668 
768 	 -1928.00 	216.904333    1157560 	 	0.874325 	0.764773 	0.585847 
776 	 -1924.00 	218.809643    1160026 	 	0.872318 	0.761287 	0.580580 
784 	 -1920.00 	220.707984    1160735 	 	0.870467 	0.758082 	0.575761 
792 	 -1916.00 	222.608696    1150665 	 	0.868621 	0.754890 	0.570981 
800 	 -1912.00 	224.504039    1145429 	 	0.866791 	0.751731 	0.566262 
808 	 -1908.00 	226.395628    1144611 	 	0.864692 	0.748115 	0.560882 
816 	 -1904.00 	228.277457    1150107 	 	0.862995 	0.745203 	0.556581 
824 	 -1900.00 	230.162076    1152145 	 	0.860747 	0.741353 	0.550923 
832 	 -1896.00 	232.042156    1150561 	 	0.858869 	0.738140 	0.546206 
840 	 -1892.00 	233.914774    1152411 	 	0.856653 	0.734370 	0.540730 
848 	 -1888.00 	235.787325    1157513 	 	0.854568 	0.730843 	0.535662 
856 	 -1884.00 	237.659460    1156577 	 	0.852512 	0.727351 	0.530611 
864 	 -1880.00 	239.525036    1166961 	 	0.850331 	0.723672 	0.525356 
872 	 -1876.00 	241.396961    1172047 	 	0.848156 	0.720024 	0.520194 
880 	 -1872.00 	243.257118    1177606 	 	0.846203 	0.716712 	0.515432 
888 	 -1868.00 	245.123853    1175353 	 	0.844064 	0.713138 	0.510414 
896 	 -1864.00 	246.981593    1162091 	 	0.841836 	0.709405 	0.505152 
904 	 -1860.00 	248.840710    1168793 	 	0.839766 	0.705934 	0.500262 
912 	 -1856.00 	250.692170    1164231 	 	0.837561 	0.702277 	0.495204 
920 	 -1852.00 	252.537057    1173562 	 	0.835018 	0.698077 	0.489448 
928 	 -1848.00 	254.385613    1176037 	 	0.832869 	0.694527 	0.484580 
936 	 -1844.00 	256.229167    1169502 	 	0.830341 	0.690365 	0.478903 
944 	 -1840.00 	258.069612    1186922 	 	0.827997 	0.686521 	0.473702 
952 	 -1836.00 	259.911675    1169681 	 	0.825326 	0.682166 	0.467874 
960 	 -1832.00 	261.748988    1172106 	 	0.822985 	0.678348 	0.462749 
968 	 -1828.00 	263.580196    1176281 	 	0.820554 	0.674403 	0.457510 
976 	 -1824.00 	265.415515    1176135 	 	0.818435 	0.670949 	0.452900 
984 	 -1820.00 	267.243275    1173062 	 	0.816072 	0.667119 	0.447833 
992 	 -1816.00 	269.076657    1170926 	 	0.813259 	0.662593 	0.441940 
1000 	 -1812.00 	270.898618    1174311 	 	0.810886 	0.658829 	0.437100 
1008 	 -1808.00 	272.725443    1168243 	 	0.808099 	0.654353 	0.431307 
1016 	 -1804.00 	274.545061    1177539 	 	0.805505 	0.650210 	0.425985 
1024 	 -1800.00 	276.364372    1184093 	 	0.802849 	0.646001 	0.420623 
1032 	 -1796.00 	278.180216    1186673 	 	0.800130 	0.641743 	0.415295 
1040 	 -1792.00 	279.992923    1183764 	 	0.797699 	0.637921 	0.410511 
1048 	 -1788.00 	281.806486    1186815 	 	0.794864 	0.633497 	0.405057 
1056 	 -1784.00 	283.618257    1184519 	 	0.792084 	0.629159 	0.399697 
1064 	 -1780.00 	285.427555    1183419 	 	0.789002 	0.624382 	0.393906 
1072 	 -1776.00 	287.235128    1184501 	 	0.786000 	0.619793 	0.388426 
1080 	 -1772.00 	289.037112    1184417 	 	0.782978 	0.615094 	0.382714 
1088 	 -1768.00 	290.843052    1184972 	 	0.780083 	0.610684 	0.377514 
1096 	 -1764.00 	292.643613    1178209 	 	0.776763 	0.605652 	0.371637 
1104 	 -1760.00 	294.443784    1176688 	 	0.773863 	0.601213 	0.366341 
1112 	 -1756.00 	296.240435    1177392 	 	0.770800 	0.596637 	0.361080 
1120 	 -1752.00 	298.044761    1167465 	 	0.767597 	0.591825 	0.355511 
1128 	 -1748.00 	299.830177    1176950 	 	0.764591 	0.587316 	0.350331 
1136 	 -1744.00 	301.623951    1173309 	 	0.761347 	0.582534 	0.344957 
1144 	 -1740.00 	303.414623    1160567 	 	0.757860 	0.577420 	0.339284 
1152 	 -1736.00 	305.206169    1163631 	 	0.753987 	0.571768 	0.333046 
1160 	 -1732.00 	306.993810    1159694 	 	0.750740 	0.567178 	0.328086 
1168 	 -1728.00 	308.777128    1159562 	 	0.747096 	0.561861 	0.322250 
1176 	 -1724.00 	310.569733    1159005 	 	0.743620 	0.556979 	0.317098 
1184 	 -1720.00 	312.351876    1165820 	 	0.740234 	0.551990 	0.311670 
1192 	 -1716.00 	314.129333    1168476 	 	0.736655 	0.546984 	0.306406 
1200 	 -1712.00 	315.903525    1179578 	 	0.733338 	0.542304 	0.301473 
1208 	 -1708.00 	317.681906    1172303 	 	0.729241 	0.536670 	0.295744 
1216 	 -1704.00 	319.458406    1177538 	 	0.725791 	0.531883 	0.290889 
1224 	 -1700.00 	321.228293    1179247 	 	0.721642 	0.526196 	0.285208 
1232 	 -1696.00 	323.004261    1173370 	 	0.717750 	0.520952 	0.280016 
1240 	 -1692.00 	324.771626    1178562 	 	0.713930 	0.515790 	0.274967 
1248 	 -1688.00 	326.541425    1180750 	 	0.709625 	0.510099 	0.269509 
1256 	 -1684.00 	328.306177    1185690 	 	0.705960 	0.504963 	0.264470 
1264 	 -1680.00 	330.073160    1187149 	 	0.701088 	0.498521 	0.258379 
1272 	 -1676.00 	331.842037    1178798 	 	0.697338 	0.493600 	0.253726 
1280 	 -1672.00 	333.606532    1183772 	 	0.692926 	0.487789 	0.248340 
1288 	 -1668.00 	335.370137    1168676 	 	0.688696 	0.482322 	0.243302 
1296 	 -1664.00 	337.135432    1158063 	 	0.683947 	0.476188 	0.237738 
1304 	 -1660.00 	338.893199    1163154 	 	0.678595 	0.469540 	0.231924 
1312 	 -1656.00 	340.654172    1162757 	 	0.673451 	0.463104 	0.226424 
1320 	 -1652.00 	342.412424    1158896 	 	0.667675 	0.456211 	0.220656 
1328 	 -1648.00 	344.169072    1156946 	 	0.661607 	0.448987 	0.214825 
1336 	 -1644.00 	345.926010    1149913 	 	0.656325 	0.442774 	0.209727 
1344 	 -1640.00 	347.683130    1151340 	 	0.649710 	0.435149 	0.203695 
1352 	 -1636.00 	349.438174    1156697 	 	0.643313 	0.427772 	0.197952 
1360 	 -1632.00 	351.188228    1159718 	 	0.637713 	0.421048 	0.192518 
1368 	 -1628.00 	352.936295    1177541 	 	0.631859 	0.414247 	0.187230 
1376 	 -1624.00 	354.686908    1173572 	 	0.625084 	0.406507 	0.181351 
1384 	 -1620.00 	356.434100    1172222 	 	0.619392 	0.400028 	0.176406 
1392 	 -1616.00 	358.181779    1174162 	 	0.611758 	0.391781 	0.170461 
1400 	 -1612.00 	359.928006    1176252 	 	0.605916 	0.385261 	0.165633 
1408 	 -1608.00 	361.675279    1167274 	 	0.599605 	0.378448 	0.160785 
1416 	 -1604.00 	363.423593    1168216 	 	0.592731 	0.371086 	0.155701 
1424 	 -1600.00 	365.163441    1172184 	 	0.584840 	0.362749 	0.149961 
1432 	 -1596.00 	366.911936    1168039 	 	0.578129 	0.355824 	0.145302 
1440 	 -1592.00 	368.648958    1177667 	 	0.569360 	0.346909 	0.139534 
1448 	 -1588.00 	370.389597    1176206 	 	0.562436 	0.339907 	0.135029 
1456 	 -1584.00 	372.124948    1173018 	 	0.555155 	0.332645 	0.130492 
1464 	 -1580.00 	373.863372    1178964 	 	0.548203 	0.325468 	0.125775 
1472 	 -1576.00 	375.600469    1175335 	 	0.540732 	0.317883 	0.120989 
1480 	 -1572.00 	377.340718    1178761 	 	0.533421 	0.310513 	0.116331 
1488 	 -1568.00 	379.071806    1183416 	 	0.526938 	0.304531 	0.112915 
1496 	 -1564.00 	380.808502    1186914 	 	0.519642 	0.297233 	0.108396 
1504 	 -1560.00 	382.545217    1181718 	 	0.513106 	0.291058 	0.104804 
1512 	 -1556.00 	384.274677    1185664 	 	0.505623 	0.283895 	0.100635 
1520 	 -1552.00 	386.007638    1188651 	 	0.499498 	0.278102 	0.097317 
1528 	 -1548.00 	387.732561    1190731 	 	0.492224 	0.271323 	0.093513 
1536 	 -1544.00 	389.465384    1191367 	 	0.485362 	0.264950 	0.089958 
1544 	 -1540.00 	391.194590    1192040 	 	0.479150 	0.259308 	0.086804 
1552 	 -1536.00 	392.917405    1200404 	 	0.470030 	0.251452 	0.082852 
1560 	 -1532.00 	394.640653    1197838 	 	0.463524 	0.245555 	0.079744 
1568 	 -1528.00 	396.366098    1199072 	 	0.455591 	0.238804 	0.076310 
1576 	 -1524.00 	398.093142    1187703 	 	0.449252 	0.233133 	0.073438 
1584 	 -1520.00 	399.812096    1194973 	 	0.441810 	0.226813 	0.070349 
1592 	 -1516.00 	401.532956    1201870 	 	0.435379 	0.221375 	0.067702 
1600 	 -1512.00 	403.253328    1205293 	 	0.426641 	0.214207 	0.064309 
1608 	 -1508.00 	404.969854    1202701 	 	0.418503 	0.207812 	0.061455 
1616 	 -1504.00 	406.691199    1203081 	 	0.410212 	0.200999 	0.058296 
1624 	 -1500.00 	408.405953    1216328 	 	0.404362 	0.196308 	0.056170 
1632 	 -1496.00 	410.116622    1222473 	 	0.396482 	0.190113 	0.053442 
1640 	 -1492.00 	411.827314    1235050 	 	0.391654 	0.186266 	0.051767 
1648 	 -1488.00 	413.537832    1233035 	 	0.386665 	0.182068 	0.049783 
1656 	 -1484.00 	415.246142    1248614 	 	0.379968 	0.176736 	0.047356 
1664 	 -1480.00 	416.956950    1243000 	 	0.373702 	0.171921 	0.045329 
1672 	 -1476.00 	418.660954    1242921 	 	0.369537 	0.168679 	0.043894 
1680 	 -1472.00 	420.369130    1234974 	 	0.362603 	0.163585 	0.041834 
1688 	 -1468.00 	422.071906    1239885 	 	0.357802 	0.159665 	0.040093 
1696 	 -1464.00 	423.773183    1250024 	 	0.352656 	0.155798 	0.038568 
1704 	 -1460.00 	425.475451    1253374 	 	0.346924 	0.151452 	0.036793 
1712 	 -1456.00 	427.172181    1262762 	 	0.341514 	0.147444 	0.035233 
1720 	 -1452.00 	428.868351    1268514 	 	0.337287 	0.144277 	0.033965 
1728 	 -1448.00 	430.566723    1263656 	 	0.333038 	0.140953 	0.032622 
1736 	 -1444.00 	432.255743    1266944 	 	0.326680 	0.136637 	0.031092 
1744 	 -1440.00 	433.946797    1268474 	 	0.321803 	0.133126 	0.029830 
1752 	 -1436.00 	435.638217    1274253 	 	0.316292 	0.129356 	0.028539 
1760 	 -1432.00 	437.330995    1274907 	 	0.310713 	0.125382 	0.027124 
1768 	 -1428.00 	439.019087    1270957 	 	0.305964 	0.122096 	0.025967 
1776 	 -1424.00 	440.707400    1270773 	 	0.301743 	0.119142 	0.024943 
1784 	 -1420.00 	442.388199    1271789 	 	0.296792 	0.115757 	0.023813 
1792 	 -1416.00 	444.069257    1273537 	 	0.291934 	0.112479 	0.022690 
1800 	 -1412.00 	445.748008    1270281 	 	0.287427 	0.109438 	0.021667 
1808 	 -1408.00 	447.417103    1279208 	 	0.283409 	0.106771 	0.020782 
1816 	 -1404.00 	449.095042    1266492 	 	0.279200 	0.103939 	0.019848 
1824 	 -1400.00 	450.764292    1270804 	 	0.274927 	0.101218 	0.019018 
1832 	 -1396.00 	452.434592    1265601 	 	0.271068 	0.098595 	0.018206 
1840 	 -1392.00 	454.101682    1271100 	 	0.266099 	0.095422 	0.017243 
1848 	 -1388.00 	455.771012    1258025 	 	0.261489 	0.092612 	0.016406 
1856 	 -1384.00 	457.436500    1257941 	 	0.257327 	0.090086 	0.015696 
1864 	 -1380.00 	459.102982    1251042 	 	0.254040 	0.087937 	0.015031 
1872 	 -1376.00 	460.764223    1243803 	 	0.248972 	0.084962 	0.014221 
1880 	 -1372.00 	462.420352    1243798 	 	0.245151 	0.082617 	0.013547 
1888 	 -1368.00 	464.075752    1252949 	 	0.241540 	0.080509 	0.012995 
1896 	 -1364.00 	465.725334    1255720 	 	0.237810 	0.078344 	0.012406 
1904 	 -1360.00 	467.379834    1253677 	 	0.235728 	0.077035 	0.012024 
1912 	 -1356.00 	469.026318    1262229 	 	0.232840 	0.075241 	0.011521 
1920 	 -1352.00 	470.675798    1258889 	 	0.229987 	0.073736 	0.011185 
1928 	 -1348.00 	472.327545    1249891 	 	0.227316 	0.071971 	0.010700 
1936 	 -1344.00 	473.965482    1253816 	 	0.223671 	0.069843 	0.010147 
1944 	 -1340.00 	475.603657    1254796 	 	0.220219 	0.067873 	0.009680 
1952 	 -1336.00 	477.239456    1250655 	 	0.217216 	0.066224 	0.009293 
1960 	 -1332.00 	478.877889    1252742 	 	0.213178 	0.063882 	0.008698 
1968 	 -1328.00 	480.517571    1239151 	 	0.211104 	0.062669 	0.008403 
1976 	 -1324.00 	482.142083    1245220 	 	0.207822 	0.061028 	0.008061 
1984 	 -1320.00 	483.771768    1236904 	 	0.204984 	0.059342 	0.007651 
1992 	 -1316.00 	485.399373    1230428 	 	0.201692 	0.057637 	0.007282 
2000 	 -1312.00 	487.024196    1228507 	 	0.199387 	0.056368 	0.006964 
2008 	 -1308.00 	488.644844    1225239 	 	0.196554 	0.054737 	0.006572 
2016 	 -1304.00 	490.263255    1224061 	 	0.193926 	0.053470 	0.006355 
2024 	 -1300.00 	491.876758    1231107 	 	0.191275 	0.052122 	0.006061 
2032 	 -1296.00 	493.486375    1234610 	 	0.188681 	0.050789 	0.005787 
2040 	 -1292.00 	495.097929    1235738 	 	0.186313 	0.049515 	0.005501 
2048 	 -1288.00 	496.705461    1246828 	 	0.183185 	0.048019 	0.005220 
2056 	 -1284.00 	498.310821    1241836 	 	0.180022 	0.046428 	0.004892 
2064 	 -1280.00 	499.911769    1250216 	 	0.178316 	0.045605 	0.004743 
2072 	 -1276.00 	501.514738    1253220 	 	0.176123 	0.044515 	0.004516 
2080 	 -1272.00 	503.116969    1242869 	 	0.173766 	0.043434 	0.004345 
2088 	 -1268.00 	504.711487    1253502 	 	0.171635 	0.042431 	0.004166 
2096 	 -1264.00 	506.307275    1256487 	 	0.169513 	0.041372 	0.003965 
2104 	 -1260.00 	507.899995    1250266 	 	0.167562 	0.040494 	0.003826 
2112 	 -1256.00 	509.489124    1251175 	 	0.165651 	0.039620 	0.003663 
2120 	 -1252.00 	511.073937    1264596 	 	0.163009 	0.038551 	0.003509 
2128 	 -1248.00 	512.654445    1272557 	 	0.161108 	0.037714 	0.003371 
2136 	 -1244.00 	514.235519    1266069 	 	0.159423 	0.037000 	0.003256 
2144 	 -1240.00 	515.815963    1264121 	 	0.157692 	0.036230 	0.003122 
2152 	 -1236.00 	517.389433    1274481 	 	0.155202 	0.035188 	0.002966 
2160 	 -1232.00 	518.962065    1281472 	 	0.152905 	0.034279 	0.002843 
2168 	 -1228.00 	520.534281    1274638 	 	0.151430 	0.033662 	0.002743 
2176 	 -1224.00 	522.098488    1278658 	 	0.149526 	0.032864 	0.002620 
2184 	 -1220.00 	523.664036    1271440 	 	0.147554 	0.032038 	0.002500 
2192 	 -1216.00 	525.226426    1271300 	 	0.145819 	0.031285 	0.002391 
2200 	 -1212.00 	526.783853    1280868 	 	0.144668 	0.030799 	0.002317 
2208 	 -1208.00 	528.338437    1278565 	 	0.142757 	0.030073 	0.002219 
2216 	 -1204.00 	529.885148    1286754 	 	0.141278 	0.029562 	0.002159 
2224 	 -1200.00 	531.436494    1285474 	 	0.139920 	0.029068 	0.002098 
2232 	 -1196.00 	532.981990    1294339 	 	0.138835 	0.028563 	0.002013 
2240 	 -1192.00 	534.528975    1292419 	 	0.137808 	0.028162 	0.001965 
2248 	 -1188.00 	536.073556    1283318 	 	0.136736 	0.027723 	0.001903 
2256 	 -1184.00 	537.609096    1295067 	 	0.135202 	0.027124 	0.001827 
2264 	 -1180.00 	539.146078    1286601 	 	0.133654 	0.026579 	0.001764 
2272 	 -1176.00 	540.677619    1287956 	 	0.132314 	0.026088 	0.001710 
2280 	 -1172.00 	542.207130    1277535 	 	0.131566 	0.025858 	0.001684 
2288 	 -1168.00 	543.735464    1277002 	 	0.130570 	0.025528 	0.001655 
2296 	 -1164.00 	545.261004    1276753 	 	0.129493 	0.025110 	0.001601 
2304 	 -1160.00 	546.782107    1269757 	 	0.127619 	0.024492 	0.001533 
2312 	 -1156.00 	548.298557    1276083 	 	0.126424 	0.024088 	0.001490 
2320 	 -1152.00 	549.815977    1271929 	 	0.125775 	0.023780 	0.001443 
2328 	 -1148.00 	551.327438    1266509 	 	0.124343 	0.023281 	0.001392 
2336 	 -1144.00 	552.833697    1264403 	 	0.123083 	0.022879 	0.001358 
2344 	 -1140.00 	554.342082    1266166 	 	0.122111 	0.022542 	0.001322 
2352 	 -1136.00 	555.842383    1268481 	 	0.120745 	0.022032 	0.001260 
2360 	 -1132.00 	557.342853    1271240 	 	0.119798 	0.021674 	0.001218 
2368 	 -1128.00 	558.841938    1271898 	 	0.119109 	0.021404 	0.001185 
2376 	 -1124.00 	560.336984    1261307 	 	0.117430 	0.020838 	0.001128 
2384 	 -1120.00 	561.826520    1257506 	 	0.116175 	0.020391 	0.001079 
2392 	 -1116.00 	563.313483    1256733 	 	0.114809 	0.019902 	0.001028 
2400 	 -1112.00 	564.795945    1262863 	 	0.113658 	0.019543 	0.000997 
2408 	 -1108.00 	566.276247    1262373 	 	0.112401 	0.019084 	0.000949 
2416 	 -1104.00 	567.753428    1264465 	 	0.110829 	0.018609 	0.000910 
2424 	 -1100.00 	569.225199    1264320 	 	0.109272 	0.018117 	0.000867 
2432 	 -1096.00 	570.692847    1264372 	 	0.108610 	0.017903 	0.000847 
2440 	 -1092.00 	572.160478    1263277 	 	0.107071 	0.017442 	0.000810 
2448 	 -1088.00 	573.628437    1260219 	 	0.105766 	0.017031 	0.000774 
2456 	 -1084.00 	575.089496    1263383 	 	0.104897 	0.016766 	0.000749 
2464 	 -1080.00 	576.546444    1262719 	 	0.103917 	0.016455 	0.000724 
2472 	 -1076.00 	577.998319    1255342 	 	0.103014 	0.016192 	0.000704 
2480 	 -1072.00 	579.447740    1256926 	 	0.101992 	0.015892 	0.000678 
2488 	 -1068.00 	580.892287    1262016 	 	0.101193 	0.015639 	0.000655 
2496 	 -1064.00 	582.338973    1257658 	 	0.099922 	0.015275 	0.000629 
2504 	 -1060.00 	583.779503    1261634 	 	0.099040 	0.015031 	0.000612 
2512 	 -1056.00 	585.216981    1255421 	 	0.098291 	0.014808 	0.000598 
2520 	 -1052.00 	586.650455    1252807 	 	0.097601 	0.014610 	0.000585 
2528 	 -1048.00 	588.085397    1250666 	 	0.097088 	0.014455 	0.000570 
2536 	 -1044.00 	589.515430    1242539 	 	0.096345 	0.014213 	0.000550 
2544 	 -1040.00 	590.939320    1243316 	 	0.095713 	0.014043 	0.000539 
2552 	 -1036.00 	592.356781    1244553 	 	0.094757 	0.013812 	0.000525 
2560 	 -1032.00 	593.777978    1240700 	 	0.094078 	0.013607 	0.000510 
2568 	 -1028.00 	595.189963    1235472 	 	0.093379 	0.013389 	0.000494 
2576 	 -1024.00 	596.598573    1239502 	 	0.092578 	0.013177 	0.000478 
2584 	 -1020.00 	598.005887    1243194 	 	0.091849 	0.012941 	0.000463 
2592 	 -1016.00 	599.407178    1241991 	 	0.090913 	0.012657 	0.000441 
2600 	 -1012.00 	600.805844    1250493 	 	0.090239 	0.012434 	0.000422 
2608 	 -1008.00 	602.203006    1241591 	 	0.089369 	0.012181 	0.000405 
2616 	 -1004.00 	603.595247    1246568 	 	0.088915 	0.012064 	0.000397 
2624 	 -1000.00 	604.987440    1236862 	 	0.088103 	0.011857 	0.000383 
2632 	 -996.00 	606.373507    1240882 	 	0.087522 	0.011716 	0.000375 
2640 	 -992.00 	607.755606    1242180 	 	0.086619 	0.011496 	0.000362 
2648 	 -988.00 	609.135797    1230784 	 	0.086272 	0.011375 	0.000353 
2656 	 -984.00 	610.508736    1224674 	 	0.085524 	0.011197 	0.000342 
2664 	 -980.00 	611.876934    1228464 	 	0.084963 	0.011051 	0.000334 
2672 	 -976.00 	613.241991    1229859 	 	0.084050 	0.010821 	0.000320 
2680 	 -972.00 	614.602241    1232662 	 	0.083732 	0.010747 	0.000317 
2688 	 -968.00 	615.963033    1239772 	 	0.083090 	0.010578 	0.000306 
2696 	 -964.00 	617.316357    1238328 	 	0.082456 	0.010426 	0.000299 
2704 	 -960.00 	618.664699    1242050 	 	0.081577 	0.010239 	0.000290 
2712 	 -956.00 	620.009483    1239590 	 	0.081313 	0.010174 	0.000287 
2720 	 -952.00 	621.353970    1240017 	 	0.081008 	0.010092 	0.000281 
2728 	 -948.00 	622.691942    1243037 	 	0.080386 	0.009949 	0.000275 
2736 	 -944.00 	624.028914    1239271 	 	0.079881 	0.009832 	0.000269 
2744 	 -940.00 	625.360976    1239005 	 	0.079745 	0.009770 	0.000264 
2752 	 -936.00 	626.690739    1239206 	 	0.079387 	0.009673 	0.000258 
2760 	 -932.00 	628.014160    1236017 	 	0.078739 	0.009529 	0.000251 
2768 	 -928.00 	629.331681    1239464 	 	0.078397 	0.009424 	0.000244 
2776 	 -924.00 	630.649197    1232206 	 	0.077763 	0.009284 	0.000237 
2784 	 -920.00 	631.958389    1244395 	 	0.077231 	0.009164 	0.000233 
2792 	 -916.00 	633.265772    1248877 	 	0.076711 	0.009034 	0.000227 
2800 	 -912.00 	634.569917    1254975 	 	0.076046 	0.008883 	0.000220 
2808 	 -908.00 	635.870682    1253913 	 	0.075311 	0.008724 	0.000212 
2816 	 -904.00 	637.164814    1258557 	 	0.074690 	0.008589 	0.000207 
2824 	 -900.00 	638.463635    1250900 	 	0.074083 	0.008462 	0.000202 
2832 	 -896.00 	639.749198    1253057 	 	0.073369 	0.008317 	0.000196 
2840 	 -892.00 	641.034177    1260518 	 	0.072773 	0.008146 	0.000187 
2848 	 -888.00 	642.316381    1266183 	 	0.072174 	0.008019 	0.000181 
2856 	 -884.00 	643.596083    1264123 	 	0.071614 	0.007890 	0.000175 
2864 	 -880.00 	644.866034    1268130 	 	0.071170 	0.007802 	0.000171 
2872 	 -876.00 	646.135485    1268080 	 	0.070483 	0.007655 	0.000165 
2880 	 -872.00 	647.403358    1270675 	 	0.070075 	0.007558 	0.000160 
2888 	 -868.00 	648.661970    1270259 	 	0.069598 	0.007459 	0.000156 
2896 	 -864.00 	649.916765    1273632 	 	0.069031 	0.007323 	0.000150 
2904 	 -860.00 	651.171356    1279933 	 	0.068718 	0.007260 	0.000147 
2912 	 -856.00 	652.416512    1284914 	 	0.068218 	0.007156 	0.000143 
2920 	 -852.00 	653.660389    1282994 	 	0.067696 	0.007034 	0.000138 
2928 	 -848.00 	654.899224    1288280 	 	0.067294 	0.006954 	0.000135 
2936 	 -844.00 	656.135772    1289031 	 	0.066769 	0.006858 	0.000131 
2944 	 -840.00 	657.366623    1289812 	 	0.066158 	0.006727 	0.000126 
2952 	 -836.00 	658.595359    1290173 	 	0.065775 	0.006659 	0.000124 
2960 	 -832.00 	659.818380    1286842 	 	0.065151 	0.006534 	0.000120 
2968 	 -828.00 	661.039760    1289454 	 	0.064884 	0.006481 	0.000118 
2976 	 -824.00 	662.252511    1288200 	 	0.064657 	0.006438 	0.000116 
2984 	 -820.00 	663.460568    1297373 	 	0.064207 	0.006356 	0.000114 
2992 	 -816.00 	664.664807    1297456 	 	0.063685 	0.006269 	0.000112 
3000 	 -812.00 	665.863351    1300048 	 	0.063033 	0.006146 	0.000107 
3008 	 -808.00 	667.058224    1297353 	 	0.062470 	0.006041 	0.000104 
3016 	 -804.00 	668.248928    1301781 	 	0.062150 	0.005973 	0.000102 
3024 	 -800.00 	669.436719    1299162 	 	0.061661 	0.005885 	0.000099 
3032 	 -796.00 	670.619960    1307541 	 	0.061218 	0.005806 	0.000097 
3040 	 -792.00 	671.799799    1298644 	 	0.060730 	0.005724 	0.000094 
3048 	 -788.00 	672.974667    1297904 	 	0.060404 	0.005663 	0.000092 
3056 	 -784.00 	674.148120    1294872 	 	0.060059 	0.005596 	0.000090 
3064 	 -780.00 	675.312021    1294826 	 	0.059838 	0.005548 	0.000088 
3072 	 -776.00 	676.474295    1298182 	 	0.059567 	0.005495 	0.000086 
3080 	 -772.00 	677.629850    1298511 	 	0.059269 	0.005442 	0.000085 
3088 	 -768.00 	678.785369    1297673 	 	0.058769 	0.005355 	0.000082 
3096 	 -764.00 	679.932502    1295150 	 	0.058501 	0.005311 	0.000081 
3104 	 -760.00 	681.075270    1292159 	 	0.058031 	0.005220 	0.000078 
3112 	 -756.00 	682.214645    1292437 	 	0.057867 	0.005185 	0.000076 
3120 	 -752.00 	683.352694    1288408 	 	0.057499 	0.005127 	0.000075 
3128 	 -748.00 	684.481110    1285487 	 	0.057064 	0.005048 	0.000072 
3136 	 -744.00 	685.604298    1291115 	 	0.056516 	0.004955 	0.000070 
3144 	 -740.00 	686.724801    1286622 	 	0.056068 	0.004881 	0.000068 
3152 	 -736.00 	687.844005    1288476 	 	0.055686 	0.004815 	0.000066 
3160 	 -732.00 	688.953683    1286248 	 	0.055416 	0.004775 	0.000065 
3168 	 -728.00 	690.059881    1288394 	 	0.055134 	0.004728 	0.000064 
3176 	 -724.00 	691.161016    1289923 	 	0.054930 	0.004683 	0.000063 
3184 	 -720.00 	692.259846    1281372 	 	0.054707 	0.004654 	0.000062 
3192 	 -716.00 	693.355146    1275513 	 	0.054575 	0.004616 	0.000061 
3200 	 -712.00 	694.440885    1273559 	 	0.054197 	0.004546 	0.000059 
3208 	 -708.00 	695.523786    1274428 	 	0.053900 	0.004498 	0.000058 
3216 	 -704.00 	696.601405    1282592 	 	0.053581 	0.004451 	0.000057 
3224 	 -700.00 	697.676130    1284377 	 	0.053246 	0.004392 	0.000055 
3232 	 -696.00 	698.742414    1290469 	 	0.052995 	0.004353 	0.000054 
3240 	 -692.00 	699.806602    1295595 	 	0.052664 	0.004298 	0.000053 
3248 	 -688.00 	700.863489    1301298 	 	0.052249 	0.004229 	0.000051 
3256 	 -684.00 	701.918685    1298987 	 	0.051876 	0.004174 	0.000050 
3264 	 -680.00 	702.965977    1296935 	 	0.051579 	0.004128 	0.000049 
3272 	 -676.00 	704.010129    1295991 	 	0.051310 	0.004083 	0.000048 
3280 	 -672.00 	705.047045    1295582 	 	0.051116 	0.004050 	0.000047 
3288 	 -668.00 	706.082578    1297395 	 	0.050860 	0.004006 	0.000046 
3296 	 -664.00 	707.111872    1296977 	 	0.050577 	0.003960 	0.000045 
3304 	 -660.00 	708.138556    1296123 	 	0.050319 	0.003917 	0.000044 
3312 	 -656.00 	709.156055    1299672 	 	0.049783 	0.003844 	0.000042 
3320 	 -652.00 	710.171373    1298904 	 	0.049381 	0.003787 	0.000041 
3328 	 -648.00 	711.182795    1296017 	 	0.049129 	0.003755 	0.000041 
3336 	 -644.00 	712.187834    1292739 	 	0.048976 	0.003732 	0.000040 
3344 	 -640.00 	713.185857    1294285 	 	0.048577 	0.003670 	0.000039 
3352 	 -636.00 	714.180536    1292638 	 	0.048211 	0.003612 	0.000037 
3360 	 -632.00 	715.169803    1292031 	 	0.047831 	0.003556 	0.000036 
3368 	 -628.00 	716.151340    1296428 	 	0.047557 	0.003516 	0.000036 
3376 	 -624.00 	717.131817    1295927 	 	0.047438 	0.003493 	0.000035 
3384 	 -620.00 	718.104321    1295207 	 	0.047206 	0.003460 	0.000034 
3392 	 -616.00 	719.076585    1288802 	 	0.047177 	0.003460 	0.000035 
3400 	 -612.00 	720.037609    1287350 	 	0.046939 	0.003431 	0.000034 
3408 	 -608.00 	720.995677    1283072 	 	0.046617 	0.003383 	0.000033 
3416 	 -604.00 	721.949526    1283225 	 	0.046280 	0.003340 	0.000033 
3424 	 -600.00 	722.900655    1277915 	 	0.046218 	0.003318 	0.000032 
3432 	 -596.00 	723.845018    1285001 	 	0.046092 	0.003299 	0.000031 
3440 	 -592.00 	724.780200    1279492 	 	0.045759 	0.003259 	0.000031 
3448 	 -588.00 	725.712170    1274112 	 	0.045356 	0.003205 	0.000030 
3456 	 -584.00 	726.639437    1271623 	 	0.045010 	0.003154 	0.000029 
3464 	 -580.00 	727.558842    1274473 	 	0.044598 	0.003100 	0.000028 
3472 	 -576.00 	728.474922    1266073 	 	0.044270 	0.003058 	0.000027 
3480 	 -572.00 	729.386363    1269057 	 	0.044041 	0.003026 	0.000027 
3488 	 -568.00 	730.289041    1272940 	 	0.043840 	0.002997 	0.000026 
3496 	 -564.00 	731.189062    1275480 	 	0.043650 	0.002966 	0.000026 
3504 	 -560.00 	732.084323    1271397 	 	0.043452 	0.002936 	0.000025 
3512 	 -556.00 	732.971765    1272709 	 	0.043146 	0.002894 	0.000024 
3520 	 -552.00 	733.853721    1280784 	 	0.042832 	0.002853 	0.000024 
3528 	 -548.00 	734.727975    1292992 	 	0.042693 	0.002833 	0.000023 
3536 	 -544.00 	735.602194    1299602 	 	0.042264 	0.002785 	0.000023 
3544 	 -540.00 	736.471421    1292118 	 	0.042019 	0.002762 	0.000023 
3552 	 -536.00 	737.331201    1296085 	 	0.041756 	0.002726 	0.000022 
3560 	 -532.00 	738.187993    1293571 	 	0.041606 	0.002705 	0.000022 
3568 	 -528.00 	739.038469    1293318 	 	0.041407 	0.002680 	0.000021 
3576 	 -524.00 	739.883957    1290009 	 	0.041116 	0.002647 	0.000021 
3584 	 -520.00 	740.722617    1297479 	 	0.040884 	0.002614 	0.000020 
3592 	 -516.00 	741.557117    1294618 	 	0.040580 	0.002574 	0.000020 
3600 	 -512.00 	742.386044    1295634 	 	0.040407 	0.002549 	0.000019 
3608 	 -508.00 	743.210696    1296783 	 	0.040130 	0.002516 	0.000019 
3616 	 -504.00 	744.027008    1300656 	 	0.039867 	0.002483 	0.000018 
3624 	 -500.00 	744.837863    1300905 	 	0.039698 	0.002465 	0.000018 
3632 	 -496.00 	745.640626    1305079 	 	0.039411 	0.002433 	0.000018 
3640 	 -492.00 	746.439852    1306677 	 	0.039161 	0.002402 	0.000017 
3648 	 -488.00 	747.233083    1308873 	 	0.039013 	0.002378 	0.000017 
3656 	 -484.00 	748.023772    1309183 	 	0.038803 	0.002353 	0.000016 
3664 	 -480.00 	748.807408    1304573 	 	0.038737 	0.002345 	0.000016 
3672 	 -476.00 	749.583210    1303431 	 	0.038500 	0.002316 	0.000016 
3680 	 -472.00 	750.352536    1306111 	 	0.038312 	0.002291 	0.000015 
3688 	 -468.00 	751.118215    1305859 	 	0.038156 	0.002272 	0.000015 
3696 	 -464.00 	751.878724    1300902 	 	0.037978 	0.002252 	0.000015 
3704 	 -460.00 	752.631817    1315023 	 	0.037772 	0.002229 	0.000015 
3712 	 -456.00 	753.378194    1322543 	 	0.037549 	0.002204 	0.000014 
3720 	 -452.00 	754.119701    1319828 	 	0.037358 	0.002182 	0.000014 
3728 	 -448.00 	754.856095    1315117 	 	0.037045 	0.002146 	0.000014 
3736 	 -444.00 	755.585528    1324032 	 	0.036814 	0.002122 	0.000013 
3744 	 -440.00 	756.311039    1320451 	 	0.036624 	0.002103 	0.000013 
3752 	 -436.00 	757.032581    1317143 	 	0.036452 	0.002080 	0.000013 
3760 	 -432.00 	757.744489    1314558 	 	0.036300 	0.002063 	0.000013 
3768 	 -428.00 	758.450698    1309873 	 	0.036076 	0.002039 	0.000012 
3776 	 -424.00 	759.149421    1315517 	 	0.035973 	0.002030 	0.000012 
3784 	 -420.00 	759.845232    1313705 	 	0.035929 	0.002022 	0.000012 
3792 	 -416.00 	760.534123    1317306 	 	0.035818 	0.002009 	0.000012 
3800 	 -412.00 	761.219240    1319522 	 	0.035663 	0.001994 	0.000012 
3808 	 -408.00 	761.894941    1320552 	 	0.035419 	0.001970 	0.000012 
3816 	 -404.00 	762.564909    1322033 	 	0.035335 	0.001960 	0.000011 
3824 	 -400.00 	763.231068    1319051 	 	0.035020 	0.001927 	0.000011 
3832 	 -396.00 	763.889647    1316364 	 	0.034859 	0.001910 	0.000011 
3840 	 -392.00 	764.544178    1313990 	 	0.034738 	0.001895 	0.000011 
3848 	 -388.00 	765.191094    1311595 	 	0.034428 	0.001863 	0.000010 
3856 	 -384.00 	765.829482    1313461 	 	0.034283 	0.001846 	0.000010 
3864 	 -380.00 	766.464112    1310372 	 	0.034051 	0.001821 	0.000010 
3872 	 -376.00 	767.091294    1316781 	 	0.033755 	0.001790 	0.000010 
3880 	 -372.00 	767.713638    1312283 	 	0.033654 	0.001777 	0.000009 
3888 	 -368.00 	768.331662    1313169 	 	0.033660 	0.001774 	0.000009 
3896 	 -364.00 	768.941425    1314581 	 	0.033588 	0.001767 	0.000009 
3904 	 -360.00 	769.545150    1314156 	 	0.033427 	0.001752 	0.000009 
3912 	 -356.00 	770.141577    1316852 	 	0.033262 	0.001736 	0.000009 
3920 	 -352.00 	770.733388    1315429 	 	0.033124 	0.001721 	0.000009 
3928 	 -348.00 	771.318437    1314155 	 	0.033017 	0.001708 	0.000009 
3936 	 -344.00 	771.899411    1308164 	 	0.032905 	0.001697 	0.000009 
3944 	 -340.00 	772.471251    1306646 	 	0.032729 	0.001678 	0.000008 
3952 	 -336.00 	773.036743    1305917 	 	0.032684 	0.001673 	0.000008 
3960 	 -332.00 	773.593752    1310662 	 	0.032615 	0.001666 	0.000008 
3968 	 -328.00 	774.147515    1312979 	 	0.032418 	0.001646 	0.000008 
3976 	 -324.00 	774.694692    1316377 	 	0.032244 	0.001629 	0.000008 
3984 	 -320.00 	775.237407    1319901 	 	0.032117 	0.001616 	0.000008 
3992 	 -316.00 	775.773545    1318665 	 	0.031973 	0.001600 	0.000008 
4000 	 -312.00 	776.300805    1322756 	 	0.031784 	0.001583 	0.000007 
4008 	 -308.00 	776.822119    1322432 	 	0.031753 	0.001578 	0.000007 
4016 	 -304.00 	777.337174    1320337 	 	0.031569 	0.001562 	0.000007 
4024 	 -300.00 	777.845473    1318988 	 	0.031489 	0.001554 	0.000007 
4032 	 -296.00 	778.345974    1323995 	 	0.031329 	0.001540 	0.000007 
4040 	 -292.00 	778.842617    1327550 	 	0.031120 	0.001519 	0.000007 
4048 	 -288.00 	779.332819    1327397 	 	0.030991 	0.001503 	0.000007 
4056 	 -284.00 	779.818424    1321796 	 	0.030921 	0.001495 	0.000007 
4064 	 -280.00 	780.297698    1317365 	 	0.030772 	0.001480 	0.000006 
4072 	 -276.00 	780.767414    1321192 	 	0.030659 	0.001470 	0.000006 
4080 	 -272.00 	781.229562    1323621 	 	0.030527 	0.001456 	0.000006 
4088 	 -268.00 	781.685858    1324397 	 	0.030397 	0.001445 	0.000006 
4096 	 -264.00 	782.136814    1325545 	 	0.030280 	0.001431 	0.000006 
4104 	 -260.00 	782.581413    1323727 	 	0.030136 	0.001419 	0.000006 
4112 	 -256.00 	783.019928    1320672 	 	0.030033 	0.001409 	0.000006 
4120 	 -252.00 	783.453188    1319632 	 	0.029848 	0.001393 	0.000006 
4128 	 -248.00 	783.878939    1314460 	 	0.029707 	0.001379 	0.000006 
4136 	 -244.00 	784.296643    1316102 	 	0.029622 	0.001371 	0.000006 
4144 	 -240.00 	784.707726    1319026 	 	0.029456 	0.001357 	0.000005 
4152 	 -236.00 	785.113226    1320098 	 	0.029275 	0.001340 	0.000005 
4160 	 -232.00 	785.511386    1322218 	 	0.029117 	0.001326 	0.000005 
4168 	 -228.00 	785.904015    1320296 	 	0.029038 	0.001319 	0.000005 
4176 	 -224.00 	786.290894    1319601 	 	0.028966 	0.001312 	0.000005 
4184 	 -220.00 	786.669866    1317192 	 	0.028870 	0.001305 	0.000005 
4192 	 -216.00 	787.042184    1314121 	 	0.028743 	0.001292 	0.000005 
4200 	 -212.00 	787.408221    1315244 	 	0.028678 	0.001286 	0.000005 
4208 	 -208.00 	787.769011    1312671 	 	0.028568 	0.001275 	0.000005 
4216 	 -204.00 	788.122616    1312206 	 	0.028433 	0.001264 	0.000005 
4224 	 -200.00 	788.467495    1313311 	 	0.028333 	0.001258 	0.000005 
4232 	 -196.00 	788.807475    1312037 	 	0.028214 	0.001250 	0.000005 
4240 	 -192.00 	789.141052    1317287 	 	0.028170 	0.001245 	0.000005 
4248 	 -188.00 	789.465448    1320507 	 	0.028066 	0.001236 	0.000005 
4256 	 -184.00 	789.784607    1321619 	 	0.027940 	0.001225 	0.000004 
4264 	 -180.00 	790.097418    1326578 	 	0.027821 	0.001212 	0.000004 
4272 	 -176.00 	790.404376    1324539 	 	0.027686 	0.001200 	0.000004 
4280 	 -172.00 	790.703193    1329826 	 	0.027582 	0.001191 	0.000004 
4288 	 -168.00 	790.994140    1330868 	 	0.027454 	0.001178 	0.000004 
4296 	 -164.00 	791.278895    1333654 	 	0.027332 	0.001169 	0.000004 
4304 	 -160.00 	791.559182    1330169 	 	0.027236 	0.001162 	0.000004 
4312 	 -156.00 	791.831497    1326278 	 	0.027127 	0.001153 	0.000004 
4320 	 -152.00 	792.095669    1329731 	 	0.027023 	0.001146 	0.000004 
4328 	 -148.00 	792.354982    1332466 	 	0.026923 	0.001136 	0.000004 
4336 	 -144.00 	792.604924    1336273 	 	0.026737 	0.001121 	0.000004 
4344 	 -140.00 	792.849053    1341065 	 	0.026641 	0.001112 	0.000004 
4352 	 -136.00 	793.087358    1339466 	 	0.026533 	0.001102 	0.000004 
4360 	 -132.00 	793.317240    1342121 	 	0.026420 	0.001092 	0.000004 
4368 	 -128.00 	793.541933    1339180 	 	0.026261 	0.001080 	0.000003 
4376 	 -124.00 	793.760412    1335146 	 	0.026177 	0.001072 	0.000003 
4384 	 -120.00 	793.972648    1333876 	 	0.026106 	0.001067 	0.000003 
4392 	 -116.00 	794.175925    1331257 	 	0.025977 	0.001058 	0.000003 
4400 	 -112.00 	794.372069    1331926 	 	0.025857 	0.001047 	0.000003 
4408 	 -108.00 	794.562881    1332595 	 	0.025783 	0.001041 	0.000003 
4416 	 -104.00 	794.745623    1334200 	 	0.025733 	0.001037 	0.000003 
4424 	 -100.00 	794.924761    1331049 	 	0.025685 	0.001032 	0.000003 
4432 	 -96.00 	795.093023    1334833 	 	0.025591 	0.001025 	0.000003 
4440 	 -92.00 	795.257575    1332716 	 	0.025514 	0.001019 	0.000003 
4448 	 -88.00 	795.415769    1329987 	 	0.025382 	0.001008 	0.000003 
4456 	 -84.00 	795.564686    1330953 	 	0.025256 	0.000998 	0.000003 
4464 	 -80.00 	795.705805    1334919 	 	0.025220 	0.000995 	0.000003 
4472 	 -76.00 	795.840723    1342223 	 	0.025092 	0.000986 	0.000003 
4480 	 -72.00 	795.968365    1346703 	 	0.025019 	0.000980 	0.000003 
4488 	 -68.00 	796.088146    1348493 	 	0.024954 	0.000975 	0.000003 
4496 	 -64.00 	796.202759    1346844 	 	0.024827 	0.000966 	0.000003 
4504 	 -60.00 	796.310428    1345798 	 	0.024719 	0.000958 	0.000003 
4512 	 -56.00 	796.409584    1344984 	 	0.024586 	0.000949 	0.000003 
4520 	 -52.00 	796.503427    1345358 	 	0.024470 	0.000941 	0.000003 
4528 	 -48.00 	796.590275    1344383 	 	0.024401 	0.000935 	0.000003 
4536 	 -44.00 	796.668518    1346804 	 	0.024373 	0.000933 	0.000003 
4544 	 -40.00 	796.742160    1344782 	 	0.024303 	0.000927 	0.000003 
4552 	 -36.00 	796.807934    1343726 	 	0.024230 	0.000922 	0.000003 
4560 	 -32.00 	796.867932    1343544 	 	0.024118 	0.000912 	0.000002 
4568 	 -28.00 	796.920176    1344465 	 	0.024026 	0.000905 	0.000002 
4576 	 -24.00 	796.965999    1344423 	 	0.023954 	0.000900 	0.000002 
4584 	 -20.00 	797.005569    1341038 	 	0.023863 	0.000893 	0.000002 
4592 	 -16.00 	797.039352    1338880 	 	0.023721 	0.000883 	0.000002 
4600 	 -12.00 	797.065320    1336892 	 	0.023652 	0.000877 	0.000002 
4608 	  -8.00 	797.082823    1338325 	 	0.023570 	0.000871 	0.000002 
4616 	  -4.00 	797.094572    1338812 	 	0.023514 	0.000866 	0.000002 
4624 	   0.00 	797.097702    1340374 	 	0.023392 	0.000858 	0.000002 
4632 	   4.00 	797.093605    1340965 	 	0.023291 	0.000850 	0.000002 
4640 	   8.00 	797.082893    1340669 	 	0.023229 	0.000844 	0.000002 
4648 	  12.00 	797.065522    1342709 	 	0.023109 	0.000836 	0.000002 
4656 	  16.00 	797.039039    1347829 	 	0.023109 	0.000836 	0.000002 
4664 	  20.00 	797.008008    1343285 	 	0.023033 	0.000831 	0.000002 
4672 	  24.00 	796.968853    1344413 	 	0.022891 	0.000821 	0.000002 
4680 	  28.00 	796.925195    1343196 	 	0.022840 	0.000818 	0.000002 
4688 	  32.00 	796.874340    1337443 	 	0.022738 	0.000812 	0.000002 
4696 	  36.00 	796.815234    1337372 	 	0.022681 	0.000807 	0.000002 
4704 	  40.00 	796.750128    1336522 	 	0.022621 	0.000802 	0.000002 
4712 	  44.00 	796.675909    1336576 	 	0.022520 	0.000795 	0.000002 
4720 	  48.00 	796.596987    1334150 	 	0.022462 	0.000792 	0.000002 
4728 	  52.00 	796.508617    1335774 	 	0.022405 	0.000787 	0.000002 
4736 	  56.00 	796.414520    1338383 	 	0.022345 	0.000782 	0.000002 
4744 	  60.00 	796.313911    1338367 	 	0.022290 	0.000778 	0.000002 
4752 	  64.00 	796.207370    1333164 	 	0.022198 	0.000773 	0.000002 
4760 	  68.00 	796.093797    1333380 	 	0.022082 	0.000765 	0.000002 
4768 	  72.00 	795.971819    1333944 	 	0.022034 	0.000761 	0.000002 
4776 	  76.00 	795.842366    1338681 	 	0.021920 	0.000754 	0.000002 
4784 	  80.00 	795.708757    1338299 	 	0.021824 	0.000748 	0.000002 
4792 	  84.00 	795.567120    1339523 	 	0.021777 	0.000745 	0.000002 
4800 	  88.00 	795.418078    1337698 	 	0.021758 	0.000742 	0.000002 
4808 	  92.00 	795.261987    1337485 	 	0.021732 	0.000740 	0.000002 
4816 	  96.00 	795.099448    1336538 	 	0.021670 	0.000736 	0.000002 
4824 	 100.00 	794.930794    1338697 	 	0.021577 	0.000730 	0.000002 
4832 	 104.00 	794.754317    1336767 	 	0.021512 	0.000726 	0.000002 
4840 	 108.00 	794.571839    1334661 	 	0.021413 	0.000720 	0.000002 
4848 	 112.00 	794.383075    1335941 	 	0.021335 	0.000714 	0.000002 
4856 	 116.00 	794.185969    1339389 	 	0.021261 	0.000709 	0.000001 
4864 	 120.00 	793.981887    1339760 	 	0.021206 	0.000705 	0.000001 
4872 	 124.00 	793.771783    1342959 	 	0.021141 	0.000701 	0.000001 
4880 	 128.00 	793.554235    1339193 	 	0.021043 	0.000694 	0.000001 
4888 	 132.00 	793.332091    1337520 	 	0.020995 	0.000691 	0.000001 
4896 	 136.00 	793.100248    1340343 	 	0.020957 	0.000688 	0.000001 
4904 	 140.00 	792.862399    1338201 	 	0.020898 	0.000684 	0.000001 
4912 	 144.00 	792.618101    1338843 	 	0.020844 	0.000680 	0.000001 
4920 	 148.00 	792.366328    1335728 	 	0.020704 	0.000671 	0.000001 
4928 	 152.00 	792.108209    1338433 	 	0.020617 	0.000665 	0.000001 
4936 	 156.00 	791.842295    1338087 	 	0.020539 	0.000660 	0.000001 
4944 	 160.00 	791.570773    1339777 	 	0.020474 	0.000656 	0.000001 
4952 	 164.00 	791.290341    1339406 	 	0.020424 	0.000653 	0.000001 
4960 	 168.00 	791.003063    1337401 	 	0.020404 	0.000653 	0.000001 
4968 	 172.00 	790.710932    1337507 	 	0.020335 	0.000650 	0.000001 
4976 	 176.00 	790.411472    1339808 	 	0.020274 	0.000646 	0.000001 
4984 	 180.00 	790.104514    1340192 	 	0.020228 	0.000644 	0.000001 
4992 	 184.00 	789.791545    1343964 	 	0.020244 	0.000644 	0.000001 
5000 	 188.00 	789.473151    1343558 	 	0.020206 	0.000642 	0.000001 
5008 	 192.00 	789.146032    1343865 	 	0.020159 	0.000638 	0.000001 
5016 	 196.00 	788.814120    1344767 	 	0.020065 	0.000632 	0.000001 
5024 	 200.00 	788.474666    1341125 	 	0.019989 	0.000628 	0.000001 
5032 	 204.00 	788.128803    1345822 	 	0.019930 	0.000624 	0.000001 
5040 	 208.00 	787.777409    1345982 	 	0.019868 	0.000621 	0.000001 
5048 	 212.00 	787.419397    1338675 	 	0.019793 	0.000615 	0.000001 
5056 	 216.00 	787.056230    1336790 	 	0.019760 	0.000614 	0.000001 
5064 	 220.00 	786.682610    1333457 	 	0.019714 	0.000611 	0.000001 
5072 	 224.00 	786.304623    1332614 	 	0.019619 	0.000605 	0.000001 
5080 	 228.00 	785.918958    1332416 	 	0.019534 	0.000600 	0.000001 
5088 	 232.00 	785.527956    1329157 	 	0.019507 	0.000598 	0.000001 
5096 	 236.00 	785.127435    1330760 	 	0.019426 	0.000593 	0.000001 
5104 	 240.00 	784.722864    1326488 	 	0.019355 	0.000588 	0.000001 
5112 	 244.00 	784.309048    1329908 	 	0.019308 	0.000585 	0.000001 
5120 	 248.00 	783.889288    1336827 	 	0.019278 	0.000583 	0.000001 
5128 	 252.00 	783.462908    1339390 	 	0.019236 	0.000580 	0.000001 
5136 	 256.00 	783.030059    1343228 	 	0.019237 	0.000580 	0.000001 
5144 	 260.00 	782.589934    1345797 	 	0.019211 	0.000579 	0.000001 
5152 	 264.00 	782.143078    1352351 	 	0.019170 	0.000577 	0.000001 
5160 	 268.00 	781.693636    1349169 	 	0.019131 	0.000574 	0.000001 
5168 	 272.00 	781.235626    1347220 	 	0.019074 	0.000571 	0.000001 
5176 	 276.00 	780.769473    1347690 	 	0.019020 	0.000568 	0.000001 
5184 	 280.00 	780.298544    1341856 	 	0.018994 	0.000566 	0.000001 
5192 	 284.00 	779.821899    1340338 	 	0.018954 	0.000564 	0.000001 
5200 	 288.00 	779.338628    1340805 	 	0.018871 	0.000559 	0.000001 
5208 	 292.00 	778.847458    1339412 	 	0.018798 	0.000556 	0.000001 
5216 	 296.00 	778.349059    1342580 	 	0.018703 	0.000550 	0.000001 
5224 	 300.00 	777.845181    1338154 	 	0.018655 	0.000547 	0.000001 
5232 	 304.00 	777.336086    1336859 	 	0.018638 	0.000547 	0.000001 
5240 	 308.00 	776.820882    1334717 	 	0.018629 	0.000547 	0.000001 
5248 	 312.00 	776.296947    1335158 	 	0.018564 	0.000542 	0.000001 
5256 	 316.00 	775.771181    1331230 	 	0.018503 	0.000540 	0.000001 
5264 	 320.00 	775.234878    1333744 	 	0.018453 	0.000536 	0.000001 
5272 	 324.00 	774.692623    1338755 	 	0.018407 	0.000532 	0.000001 
5280 	 328.00 	774.143648    1338822 	 	0.018388 	0.000532 	0.000001 
5288 	 332.00 	773.590802    1339270 	 	0.018304 	0.000527 	0.000001 
5296 	 336.00 	773.031193    1342227 	 	0.018228 	0.000523 	0.000001 
5304 	 340.00 	772.464904    1346988 	 	0.018190 	0.000521 	0.000001 
5312 	 344.00 	771.894928    1344321 	 	0.018123 	0.000517 	0.000001 
5320 	 348.00 	771.314544    1343754 	 	0.018079 	0.000514 	0.000001 
5328 	 352.00 	770.731861    1341625 	 	0.018025 	0.000510 	0.000001 
5336 	 356.00 	770.139005    1344017 	 	0.017973 	0.000508 	0.000001 
5344 	 360.00 	769.540011    1340624 	 	0.017926 	0.000505 	0.000001 
5352 	 364.00 	768.935593    1339216 	 	0.017882 	0.000503 	0.000001 
5360 	 368.00 	768.326977    1332478 	 	0.017884 	0.000503 	0.000001 
5368 	 372.00 	767.711671    1330472 	 	0.017838 	0.000500 	0.000001 
5376 	 376.00 	767.088846    1330278 	 	0.017776 	0.000496 	0.000001 
5384 	 380.00 	766.462658    1331395 	 	0.017738 	0.000494 	0.000001 
5392 	 384.00 	765.827400    1328582 	 	0.017687 	0.000491 	0.000001 
5400 	 388.00 	765.184868    1332659 	 	0.017659 	0.000489 	0.000001 
5408 	 392.00 	764.538463    1333208 	 	0.017558 	0.000483 	0.000001 
5416 	 396.00 	763.885216    1330223 	 	0.017529 	0.000482 	0.000001 
5424 	 400.00 	763.227213    1331909 	 	0.017494 	0.000479 	0.000001 
5432 	 404.00 	762.564185    1326167 	 	0.017417 	0.000476 	0.000001 
5440 	 408.00 	761.889232    1331924 	 	0.017396 	0.000475 	0.000001 
5448 	 412.00 	761.212315    1335030 	 	0.017308 	0.000470 	0.000001 
5456 	 416.00 	760.531350    1330573 	 	0.017274 	0.000469 	0.000001 
5464 	 420.00 	759.843198    1328032 	 	0.017300 	0.000469 	0.000001 
5472 	 424.00 	759.148436    1328828 	 	0.017224 	0.000465 	0.000001 
5480 	 428.00 	758.448217    1328956 	 	0.017232 	0.000465 	0.000001 
5488 	 432.00 	757.740079    1327821 	 	0.017179 	0.000462 	0.000001 
5496 	 436.00 	757.025261    1330747 	 	0.017127 	0.000460 	0.000001 
5504 	 440.00 	756.306957    1330673 	 	0.017074 	0.000458 	0.000001 
5512 	 444.00 	755.579989    1339366 	 	0.017005 	0.000454 	0.000001 
5520 	 448.00 	754.849064    1338010 	 	0.016981 	0.000453 	0.000001 
5528 	 452.00 	754.111573    1338490 	 	0.016956 	0.000451 	0.000001 
5536 	 456.00 	753.367206    1345269 	 	0.016897 	0.000447 	0.000001 
5544 	 460.00 	752.618854    1339887 	 	0.016868 	0.000446 	0.000001 
5552 	 464.00 	751.861361    1347690 	 	0.016802 	0.000443 	0.000001 
5560 	 468.00 	751.104573    1343070 	 	0.016773 	0.000441 	0.000001 
5568 	 472.00 	750.339590    1340152 	 	0.016773 	0.000442 	0.000001 
5576 	 476.00 	749.567433    1348118 	 	0.016752 	0.000441 	0.000001 
5584 	 480.00 	748.790162    1348349 	 	0.016750 	0.000440 	0.000001 
5592 	 484.00 	748.007860    1345455 	 	0.016738 	0.000439 	0.000001 
5600 	 488.00 	747.217973    1345028 	 	0.016661 	0.000435 	0.000001 
5608 	 492.00 	746.424909    1341801 	 	0.016612 	0.000433 	0.000001 
5616 	 496.00 	745.627238    1340521 	 	0.016541 	0.000430 	0.000001 
5624 	 500.00 	744.823140    1341349 	 	0.016503 	0.000427 	0.000001 
5632 	 504.00 	744.011358    1343591 	 	0.016448 	0.000425 	0.000001 
5640 	 508.00 	743.192873    1349495 	 	0.016361 	0.000421 	0.000001 
5648 	 512.00 	742.372845    1344725 	 	0.016281 	0.000417 	0.000001 
5656 	 516.00 	741.544059    1348458 	 	0.016226 	0.000414 	0.000001 
5664 	 520.00 	740.708226    1348306 	 	0.016219 	0.000413 	0.000001 
5672 	 524.00 	739.867503    1347020 	 	0.016133 	0.000410 	0.000001 
5680 	 528.00 	739.023299    1348597 	 	0.016092 	0.000408 	0.000001 
5688 	 532.00 	738.171653    1345242 	 	0.016063 	0.000406 	0.000000 
5696 	 536.00 	737.317575    1341129 	 	0.016031 	0.000405 	0.000000 
5704 	 540.00 	736.454685    1347809 	 	0.015996 	0.000404 	0.000000 
5712 	 544.00 	735.586231    1350994 	 	0.015945 	0.000401 	0.000000 
5720 	 548.00 	734.715862    1352997 	 	0.015939 	0.000400 	0.000000 
5728 	 552.00 	733.838527    1348309 	 	0.015954 	0.000401 	0.000000 
5736 	 556.00 	732.956399    1347184 	 	0.015883 	0.000397 	0.000000 
5744 	 560.00 	732.067288    1343294 	 	0.015804 	0.000392 	0.000000 
5752 	 564.00 	731.172524    1346403 	 	0.015796 	0.000392 	0.000000 
5760 	 568.00 	730.273654    1345299 	 	0.015834 	0.000393 	0.000000 
5768 	 572.00 	729.369512    1344437 	 	0.015798 	0.000392 	0.000000 
5776 	 576.00 	728.458662    1346096 	 	0.015769 	0.000391 	0.000000 
5784 	 580.00 	727.542804    1345604 	 	0.015766 	0.000391 	0.000000 
5792 	 584.00 	726.621674    1349913 	 	0.015736 	0.000390 	0.000000 
5800 	 588.00 	725.695035    1353849 	 	0.015727 	0.000389 	0.000000 
5808 	 592.00 	724.763361    1354091 	 	0.015686 	0.000387 	0.000000 
5816 	 596.00 	723.825542    1359281 	 	0.015643 	0.000385 	0.000000 
5824 	 600.00 	722.884406    1366520 	 	0.015605 	0.000383 	0.000000 
5832 	 604.00 	721.936967    1365129 	 	0.015562 	0.000381 	0.000000 
5840 	 608.00 	720.983951    1368044 	 	0.015498 	0.000377 	0.000000 
5848 	 612.00 	720.022020    1378050 	 	0.015435 	0.000375 	0.000000 
5856 	 616.00 	719.059036    1376125 	 	0.015382 	0.000372 	0.000000 
5864 	 620.00 	718.088744    1379533 	 	0.015345 	0.000370 	0.000000 
5872 	 624.00 	717.115784    1384118 	 	0.015366 	0.000371 	0.000000 
5880 	 628.00 	716.138079    1385265 	 	0.015351 	0.000371 	0.000000 
5888 	 632.00 	715.154161    1388650 	 	0.015277 	0.000367 	0.000000 
5896 	 636.00 	714.166321    1398640 	 	0.015253 	0.000365 	0.000000 
5904 	 640.00 	713.172300    1401929 	 	0.015262 	0.000366 	0.000000 
5912 	 644.00 	712.173447    1395442 	 	0.015258 	0.000366 	0.000000 
5920 	 648.00 	711.169860    1389744 	 	0.015208 	0.000363 	0.000000 
5928 	 652.00 	710.162586    1383547 	 	0.015182 	0.000362 	0.000000 
5936 	 656.00 	709.145624    1387407 	 	0.015199 	0.000362 	0.000000 
5944 	 660.00 	708.128318    1391869 	 	0.015131 	0.000359 	0.000000 
5952 	 664.00 	707.103298    1391250 	 	0.015082 	0.000356 	0.000000 
5960 	 668.00 	706.075986    1388989 	 	0.015008 	0.000353 	0.000000 
5968 	 672.00 	705.043550    1384797 	 	0.014993 	0.000353 	0.000000 
5976 	 676.00 	704.002119    1387890 	 	0.014983 	0.000353 	0.000000 
5984 	 680.00 	702.958637    1383027 	 	0.014912 	0.000349 	0.000000 
5992 	 684.00 	701.911166    1378899 	 	0.014882 	0.000348 	0.000000 
6000 	 688.00 	700.859211    1376929 	 	0.014848 	0.000347 	0.000000 
6008 	 692.00 	699.804632    1369793 	 	0.014796 	0.000344 	0.000000 
6016 	 696.00 	698.739463    1379127 	 	0.014775 	0.000343 	0.000000 
6024 	 700.00 	697.671731    1372403 	 	0.014769 	0.000342 	0.000000 
6032 	 704.00 	696.595391    1371785 	 	0.014726 	0.000341 	0.000000 
6040 	 708.00 	695.518992    1363632 	 	0.014723 	0.000340 	0.000000 
6048 	 712.00 	694.434715    1368059 	 	0.014683 	0.000339 	0.000000 
6056 	 716.00 	693.349065    1364176 	 	0.014672 	0.000338 	0.000000 
6064 	 720.00 	692.258135    1360712 	 	0.014633 	0.000336 	0.000000 
6072 	 724.00 	691.161788    1358598 	 	0.014599 	0.000335 	0.000000 
6080 	 728.00 	690.059171    1361506 	 	0.014683 	0.000338 	0.000000 
6088 	 732.00 	688.951522    1362429 	 	0.014623 	0.000336 	0.000000 
6096 	 736.00 	687.842299    1366069 	 	0.014563 	0.000333 	0.000000 
6104 	 740.00 	686.722959    1372852 	 	0.014527 	0.000332 	0.000000 
6112 	 744.00 	685.603527    1373842 	 	0.014496 	0.000330 	0.000000 
6120 	 748.00 	684.479780    1368588 	 	0.014456 	0.000328 	0.000000 
6128 	 752.00 	683.351220    1368022 	 	0.014359 	0.000324 	0.000000 
6136 	 756.00 	682.215635    1369936 	 	0.014375 	0.000324 	0.000000 
6144 	 760.00 	681.078664    1368269 	 	0.014385 	0.000324 	0.000000 
6152 	 764.00 	679.934070    1374623 	 	0.014345 	0.000323 	0.000000 
6160 	 768.00 	678.784326    1378522 	 	0.014324 	0.000323 	0.000000 
6168 	 772.00 	677.632762    1378899 	 	0.014296 	0.000322 	0.000000 
6176 	 776.00 	676.475478    1376301 	 	0.014276 	0.000320 	0.000000 
6184 	 780.00 	675.314790    1375826 	 	0.014250 	0.000319 	0.000000 
6192 	 784.00 	674.148040    1380508 	 	0.014239 	0.000318 	0.000000 
6200 	 788.00 	672.978055    1380669 	 	0.014223 	0.000317 	0.000000 
6208 	 792.00 	671.805288    1381887 	 	0.014165 	0.000315 	0.000000 
6216 	 796.00 	670.626286    1377978 	 	0.014117 	0.000313 	0.000000 
6224 	 800.00 	669.441444    1373465 	 	0.014125 	0.000314 	0.000000 
6232 	 804.00 	668.253018    1371299 	 	0.014149 	0.000314 	0.000000 
6240 	 808.00 	667.060725    1364763 	 	0.014124 	0.000314 	0.000000 
6248 	 812.00 	665.862495    1365237 	 	0.014101 	0.000313 	0.000000 
6256 	 816.00 	664.661565    1367742 	 	0.014040 	0.000311 	0.000000 
6264 	 820.00 	663.455231    1363873 	 	0.014003 	0.000309 	0.000000 
6272 	 824.00 	662.243436    1366455 	 	0.013986 	0.000308 	0.000000 
6280 	 828.00 	661.025679    1368923 	 	0.013931 	0.000306 	0.000000 
6288 	 832.00 	659.810491    1365290 	 	0.013918 	0.000305 	0.000000 
6296 	 836.00 	658.587052    1365230 	 	0.013869 	0.000303 	0.000000 
6304 	 840.00 	657.359369    1361996 	 	0.013820 	0.000301 	0.000000 
6312 	 844.00 	656.128505    1356421 	 	0.013781 	0.000298 	0.000000 
6320 	 848.00 	654.893169    1353724 	 	0.013763 	0.000298 	0.000000 
6328 	 852.00 	653.648433    1367366 	 	0.013696 	0.000295 	0.000000 
6336 	 856.00 	652.403544    1370254 	 	0.013675 	0.000294 	0.000000 
6344 	 860.00 	651.153431    1372610 	 	0.013618 	0.000292 	0.000000 
6352 	 864.00 	649.902745    1368206 	 	0.013577 	0.000290 	0.000000 
6360 	 868.00 	648.645327    1381839 	 	0.013584 	0.000291 	0.000000 
6368 	 872.00 	647.381259    1387749 	 	0.013561 	0.000290 	0.000000 
6376 	 876.00 	646.115646    1389660 	 	0.013534 	0.000289 	0.000000 
6384 	 880.00 	644.846543    1382643 	 	0.013488 	0.000287 	0.000000 
6392 	 884.00 	643.572603    1381348 	 	0.013467 	0.000286 	0.000000 
6400 	 888.00 	642.295503    1377849 	 	0.013442 	0.000285 	0.000000 
6408 	 892.00 	641.013382    1386291 	 	0.013442 	0.000284 	0.000000 
6416 	 896.00 	639.728157    1380736 	 	0.013396 	0.000282 	0.000000 
6424 	 900.00 	638.439022    1375109 	 	0.013404 	0.000283 	0.000000 
6432 	 904.00 	637.146977    1367214 	 	0.013417 	0.000283 	0.000000 
6440 	 908.00 	635.851261    1369061 	 	0.013395 	0.000282 	0.000000 
6448 	 912.00 	634.546231    1371745 	 	0.013375 	0.000282 	0.000000 
6456 	 916.00 	633.240285    1365033 	 	0.013375 	0.000282 	0.000000 
6464 	 920.00 	631.930893    1360389 	 	0.013260 	0.000278 	0.000000 
6472 	 924.00 	630.615536    1366184 	 	0.013249 	0.000277 	0.000000 
6480 	 928.00 	629.297791    1367095 	 	0.013227 	0.000276 	0.000000 
6488 	 932.00 	627.979122    1365966 	 	0.013208 	0.000275 	0.000000 
6496 	 936.00 	626.651881    1367722 	 	0.013202 	0.000275 	0.000000 
6504 	 940.00 	625.326482    1360242 	 	0.013176 	0.000273 	0.000000 
6512 	 944.00 	623.994767    1359738 	 	0.013123 	0.000271 	0.000000 
6520 	 948.00 	622.659486    1352495 	 	0.013108 	0.000270 	0.000000 
6528 	 952.00 	621.318232    1362035 	 	0.013099 	0.000270 	0.000000 
6536 	 956.00 	619.975471    1355169 	 	0.013079 	0.000268 	0.000000 
6544 	 960.00 	618.628331    1356214 	 	0.013057 	0.000267 	0.000000 
6552 	 964.00 	617.277417    1353125 	 	0.013058 	0.000267 	0.000000 
6560 	 968.00 	615.923188    1357009 	 	0.013027 	0.000266 	0.000000 
6568 	 972.00 	614.560413    1351770 	 	0.013033 	0.000266 	0.000000 
6576 	 976.00 	613.196911    1357010 	 	0.013033 	0.000266 	0.000000 
6584 	 980.00 	611.830222    1356599 	 	0.013038 	0.000267 	0.000000 
6592 	 984.00 	610.461887    1354052 	 	0.013025 	0.000266 	0.000000 
6600 	 988.00 	609.088205    1349180 	 	0.012934 	0.000263 	0.000000 
6608 	 992.00 	607.712647    1352311 	 	0.012904 	0.000261 	0.000000 
6616 	 996.00 	606.330751    1351284 	 	0.012904 	0.000262 	0.000000 
6624 	 1000.00 	604.947605    1348280 	 	0.012942 	0.000262 	0.000000 
6632 	 1004.00 	603.556780    1362243 	 	0.012868 	0.000260 	0.000000 
6640 	 1008.00 	602.165738    1361594 	 	0.012805 	0.000258 	0.000000 
6648 	 1012.00 	600.766421    1362941 	 	0.012778 	0.000257 	0.000000 
6656 	 1016.00 	599.368398    1362631 	 	0.012767 	0.000256 	0.000000 
6664 	 1020.00 	597.966189    1360045 	 	0.012752 	0.000255 	0.000000 
6672 	 1024.00 	596.560458    1358424 	 	0.012679 	0.000253 	0.000000 
6680 	 1028.00 	595.150516    1361462 	 	0.012641 	0.000251 	0.000000 
6688 	 1032.00 	593.736198    1362293 	 	0.012622 	0.000250 	0.000000 
6696 	 1036.00 	592.320816    1356563 	 	0.012581 	0.000248 	0.000000 
6704 	 1040.00 	590.902084    1355066 	 	0.012530 	0.000246 	0.000000 
6712 	 1044.00 	589.479300    1350848 	 	0.012515 	0.000246 	0.000000 
6720 	 1048.00 	588.052039    1355985 	 	0.012516 	0.000246 	0.000000 
6728 	 1052.00 	586.618560    1354283 	 	0.012469 	0.000245 	0.000000 
6736 	 1056.00 	585.180512    1360362 	 	0.012443 	0.000243 	0.000000 
6744 	 1060.00 	583.744655    1360040 	 	0.012402 	0.000242 	0.000000 
6752 	 1064.00 	582.303366    1363325 	 	0.012395 	0.000242 	0.000000 
6760 	 1068.00 	580.859306    1362851 	 	0.012392 	0.000242 	0.000000 
6768 	 1072.00 	579.410514    1360420 	 	0.012361 	0.000241 	0.000000 
6776 	 1076.00 	577.959896    1359787 	 	0.012417 	0.000242 	0.000000 
6784 	 1080.00 	576.507417    1349171 	 	0.012406 	0.000242 	0.000000 
6792 	 1084.00 	575.048157    1348403 	 	0.012386 	0.000240 	0.000000 
6800 	 1088.00 	573.581000    1361213 	 	0.012407 	0.000241 	0.000000 
6808 	 1092.00 	572.115912    1357389 	 	0.012391 	0.000240 	0.000000 
6816 	 1096.00 	570.646451    1362010 	 	0.012374 	0.000240 	0.000000 
6824 	 1100.00 	569.175141    1362941 	 	0.012355 	0.000240 	0.000000 
6832 	 1104.00 	567.700640    1364776 	 	0.012289 	0.000237 	0.000000 
6840 	 1108.00 	566.224823    1355888 	 	0.012269 	0.000237 	0.000000 
6848 	 1112.00 	564.743293    1356403 	 	0.012276 	0.000237 	0.000000 
6856 	 1116.00 	563.257214    1356840 	 	0.012262 	0.000236 	0.000000 
6864 	 1120.00 	561.765443    1361564 	 	0.012205 	0.000234 	0.000000 
6872 	 1124.00 	560.273724    1361196 	 	0.012119 	0.000230 	0.000000 
6880 	 1128.00 	558.775702    1376628 	 	0.012004 	0.000227 	0.000000 
6888 	 1132.00 	557.282740    1368422 	 	0.011964 	0.000225 	0.000000 
6896 	 1136.00 	555.780177    1375492 	 	0.011995 	0.000226 	0.000000 
6904 	 1140.00 	554.279655    1371722 	 	0.011915 	0.000223 	0.000000 
6912 	 1144.00 	552.771311    1377479 	 	0.011902 	0.000223 	0.000000 
6920 	 1148.00 	551.259628    1385519 	 	0.011892 	0.000222 	0.000000 
6928 	 1152.00 	549.746751    1394139 	 	0.011856 	0.000221 	0.000000 
6936 	 1156.00 	548.231711    1394026 	 	0.011852 	0.000220 	0.000000 
6944 	 1160.00 	546.711611    1396984 	 	0.011894 	0.000222 	0.000000 
6952 	 1164.00 	545.187792    1393691 	 	0.011895 	0.000222 	0.000000 
6960 	 1168.00 	543.666077    1392852 	 	0.011856 	0.000221 	0.000000 
6968 	 1172.00 	542.136116    1401922 	 	0.011884 	0.000222 	0.000000 
6976 	 1176.00 	540.604401    1395326 	 	0.011832 	0.000220 	0.000000 
6984 	 1180.00 	539.072245    1394057 	 	0.011804 	0.000218 	0.000000 
6992 	 1184.00 	537.533615    1403596 	 	0.011734 	0.000216 	0.000000 
7000 	 1188.00 	535.992721    1406506 	 	0.011712 	0.000216 	0.000000 
7008 	 1192.00 	534.451410    1399795 	 	0.011717 	0.000216 	0.000000 
7016 	 1196.00 	532.902819    1413427 	 	0.011680 	0.000214 	0.000000 
7024 	 1200.00 	531.352243    1424447 	 	0.011693 	0.000215 	0.000000 
7032 	 1204.00 	529.797990    1429977 	 	0.011665 	0.000213 	0.000000 
7040 	 1208.00 	528.243835    1425804 	 	0.011623 	0.000212 	0.000000 
7048 	 1212.00 	526.684879    1421302 	 	0.011612 	0.000212 	0.000000 
7056 	 1216.00 	525.121270    1432520 	 	0.011610 	0.000211 	0.000000 
7064 	 1220.00 	523.561831    1438831 	 	0.011560 	0.000210 	0.000000 
7072 	 1224.00 	521.997964    1437423 	 	0.011537 	0.000209 	0.000000 
7080 	 1228.00 	520.429390    1432091 	 	0.011501 	0.000208 	0.000000 
7088 	 1232.00 	518.857714    1437370 	 	0.011490 	0.000207 	0.000000 
7096 	 1236.00 	517.284169    1438421 	 	0.011461 	0.000206 	0.000000 
7104 	 1240.00 	515.710089    1428400 	 	0.011451 	0.000206 	0.000000 
7112 	 1244.00 	514.125554    1444193 	 	0.011358 	0.000203 	0.000000 
7120 	 1248.00 	512.542464    1435765 	 	0.011337 	0.000202 	0.000000 
7128 	 1252.00 	510.957520    1439564 	 	0.011332 	0.000202 	0.000000 
7136 	 1256.00 	509.373382    1433224 	 	0.011330 	0.000202 	0.000000 
7144 	 1260.00 	507.783277    1443290 	 	0.011273 	0.000200 	0.000000 
7152 	 1264.00 	506.190111    1439683 	 	0.011223 	0.000198 	0.000000 
7160 	 1268.00 	504.596740    1433629 	 	0.011192 	0.000198 	0.000000 
7168 	 1272.00 	502.998864    1428563 	 	0.011125 	0.000195 	0.000000 
7176 	 1276.00 	501.398677    1425249 	 	0.011129 	0.000195 	0.000000 
7184 	 1280.00 	499.798648    1423173 	 	0.011120 	0.000195 	0.000000 
7192 	 1284.00 	498.192613    1428285 	 	0.011120 	0.000195 	0.000000 
7200 	 1288.00 	496.583937    1431522 	 	0.011120 	0.000194 	0.000000 
7208 	 1292.00 	494.980040    1407843 	 	0.011109 	0.000193 	0.000000 
7216 	 1296.00 	493.360684    1428455 	 	0.011084 	0.000193 	0.000000 
7224 	 1300.00 	491.745900    1420111 	 	0.011085 	0.000193 	0.000000 
7232 	 1304.00 	490.129063    1422442 	 	0.011030 	0.000191 	0.000000 
7240 	 1308.00 	488.505219    1422698 	 	0.011007 	0.000190 	0.000000 
7248 	 1312.00 	486.886552    1422897 	 	0.011026 	0.000190 	0.000000 
7256 	 1316.00 	485.258901    1420597 	 	0.011023 	0.000190 	0.000000 
7264 	 1320.00 	483.629675    1427183 	 	0.010954 	0.000188 	0.000000 
7272 	 1324.00 	481.999492    1427421 	 	0.010965 	0.000189 	0.000000 
7280 	 1328.00 	480.369981    1428500 	 	0.010917 	0.000187 	0.000000 
7288 	 1332.00 	478.733573    1427219 	 	0.010897 	0.000187 	0.000000 
7296 	 1336.00 	477.096457    1433217 	 	0.010915 	0.000188 	0.000000 
7304 	 1340.00 	475.451926    1433577 	 	0.010921 	0.000188 	0.000000 
7312 	 1344.00 	473.815523    1431192 	 	0.010892 	0.000187 	0.000000 
7320 	 1348.00 	472.170177    1438335 	 	0.010904 	0.000188 	0.000000 
7328 	 1352.00 	470.522924    1438346 	 	0.010820 	0.000185 	0.000000 
7336 	 1356.00 	468.874669    1439235 	 	0.010814 	0.000185 	0.000000 
7344 	 1360.00 	467.225747    1434484 	 	0.010814 	0.000185 	0.000000 
7352 	 1364.00 	465.574712    1423523 	 	0.010793 	0.000185 	0.000000 
7360 	 1368.00 	463.920845    1427206 	 	0.010763 	0.000183 	0.000000 
7368 	 1372.00 	462.262173    1424328 	 	0.010815 	0.000185 	0.000000 
7376 	 1376.00 	460.604834    1428958 	 	0.010781 	0.000184 	0.000000 
7384 	 1380.00 	458.944415    1436571 	 	0.010735 	0.000183 	0.000000 
7392 	 1384.00 	457.281474    1436065 	 	0.010675 	0.000180 	0.000000 
7400 	 1388.00 	455.617939    1442409 	 	0.010629 	0.000178 	0.000000 
7408 	 1392.00 	453.948012    1452182 	 	0.010633 	0.000178 	0.000000 
7416 	 1396.00 	452.279419    1451059 	 	0.010597 	0.000177 	0.000000 
7424 	 1400.00 	450.604908    1461744 	 	0.010555 	0.000176 	0.000000 
7432 	 1404.00 	448.932358    1457404 	 	0.010511 	0.000174 	0.000000 
7440 	 1408.00 	447.256148    1461897 	 	0.010505 	0.000174 	0.000000 
7448 	 1412.00 	445.581372    1458733 	 	0.010508 	0.000174 	0.000000 
7456 	 1416.00 	443.901707    1463942 	 	0.010461 	0.000172 	0.000000 
7464 	 1420.00 	442.217806    1454561 	 	0.010488 	0.000173 	0.000000 
7472 	 1424.00 	440.534127    1462801 	 	0.010416 	0.000170 	0.000000 
7480 	 1428.00 	438.847640    1461299 	 	0.010404 	0.000170 	0.000000 
7488 	 1432.00 	437.162311    1460277 	 	0.010339 	0.000168 	0.000000 
7496 	 1436.00 	435.472908    1455529 	 	0.010315 	0.000167 	0.000000 
7504 	 1440.00 	433.784100    1458205 	 	0.010324 	0.000167 	0.000000 
7512 	 1444.00 	432.091469    1447475 	 	0.010339 	0.000168 	0.000000 
7520 	 1448.00 	430.396185    1456744 	 	0.010320 	0.000168 	0.000000 
7528 	 1452.00 	428.703195    1455252 	 	0.010234 	0.000165 	0.000000 
7536 	 1456.00 	427.004222    1454670 	 	0.010275 	0.000167 	0.000000 
7544 	 1460.00 	425.304947    1458570 	 	0.010248 	0.000166 	0.000000 
7552 	 1464.00 	423.600617    1451686 	 	0.010224 	0.000165 	0.000000 
7560 	 1468.00 	421.900804    1457361 	 	0.010236 	0.000165 	0.000000 
7568 	 1472.00 	420.197171    1456804 	 	0.010232 	0.000165 	0.000000 
7576 	 1476.00 	418.490708    1461361 	 	0.010137 	0.000162 	0.000000 
7584 	 1480.00 	416.781897    1463823 	 	0.010174 	0.000163 	0.000000 
7592 	 1484.00 	415.069974    1473134 	 	0.010156 	0.000163 	0.000000 
7600 	 1488.00 	413.357411    1475185 	 	0.010163 	0.000162 	0.000000 
7608 	 1492.00 	411.646014    1473636 	 	0.010124 	0.000161 	0.000000 
7616 	 1496.00 	409.930329    1464615 	 	0.010040 	0.000159 	0.000000 
7624 	 1500.00 	408.218054    1457376 	 	0.010043 	0.000159 	0.000000 
7632 	 1504.00 	406.500502    1459865 	 	0.010049 	0.000159 	0.000000 
7640 	 1508.00 	404.781336    1461187 	 	0.010060 	0.000159 	0.000000 
7648 	 1512.00 	403.063034    1450420 	 	0.010021 	0.000158 	0.000000 
7656 	 1516.00 	401.345027    1447049 	 	0.010047 	0.000159 	0.000000 
7664 	 1520.00 	399.626344    1431300 	 	0.009984 	0.000157 	0.000000 
7672 	 1524.00 	397.902685    1428616 	 	0.009972 	0.000157 	0.000000 
7680 	 1528.00 	396.172583    1428213 	 	0.009918 	0.000155 	0.000000 
7688 	 1532.00 	394.451463    1428035 	 	0.009862 	0.000154 	0.000000 
7696 	 1536.00 	392.723637    1426945 	 	0.009832 	0.000152 	0.000000 
7704 	 1540.00 	390.996790    1422869 	 	0.009794 	0.000151 	0.000000 
7712 	 1544.00 	389.268292    1420765 	 	0.009770 	0.000151 	0.000000 
7720 	 1548.00 	387.541495    1418569 	 	0.009769 	0.000150 	0.000000 
7728 	 1552.00 	385.808624    1427945 	 	0.009751 	0.000150 	0.000000 
7736 	 1556.00 	384.079505    1434006 	 	0.009734 	0.000150 	0.000000 
7744 	 1560.00 	382.347373    1424513 	 	0.009699 	0.000149 	0.000000 
7752 	 1564.00 	380.615632    1424729 	 	0.009730 	0.000150 	0.000000 
7760 	 1568.00 	378.877660    1423019 	 	0.009773 	0.000151 	0.000000 
7768 	 1572.00 	377.144000    1440357 	 	0.009721 	0.000150 	0.000000 
7776 	 1576.00 	375.406541    1440511 	 	0.009689 	0.000149 	0.000000 
7784 	 1580.00 	373.669770    1440760 	 	0.009671 	0.000148 	0.000000 
7792 	 1584.00 	371.932453    1440813 	 	0.009660 	0.000148 	0.000000 
7800 	 1588.00 	370.192110    1441253 	 	0.009578 	0.000145 	0.000000 
7808 	 1592.00 	368.449557    1444466 	 	0.009560 	0.000144 	0.000000 
7816 	 1596.00 	366.711530    1432874 	 	0.009558 	0.000144 	0.000000 
7824 	 1600.00 	364.968548    1435462 	 	0.009584 	0.000145 	0.000000 
7832 	 1604.00 	363.222816    1437512 	 	0.009535 	0.000144 	0.000000 
7840 	 1608.00 	361.478080    1436591 	 	0.009516 	0.000143 	0.000000 
7848 	 1612.00 	359.730439    1439278 	 	0.009506 	0.000142 	0.000000 
7856 	 1616.00 	357.985546    1438240 	 	0.009449 	0.000140 	0.000000 
7864 	 1620.00 	356.235312    1440630 	 	0.009454 	0.000141 	0.000000 
7872 	 1624.00 	354.483327    1448335 	 	0.009403 	0.000139 	0.000000 
7880 	 1628.00 	352.734675    1446146 	 	0.009382 	0.000139 	0.000000 
7888 	 1632.00 	350.983985    1451599 	 	0.009343 	0.000138 	0.000000 
7896 	 1636.00 	349.236357    1445483 	 	0.009354 	0.000138 	0.000000 
7904 	 1640.00 	347.479800    1451843 	 	0.009281 	0.000136 	0.000000 
7912 	 1644.00 	345.727590    1451073 	 	0.009251 	0.000135 	0.000000 
7920 	 1648.00 	343.970341    1448425 	 	0.009215 	0.000134 	0.000000 
7928 	 1652.00 	342.216721    1442329 	 	0.009195 	0.000134 	0.000000 
7936 	 1656.00 	340.460595    1443784 	 	0.009151 	0.000133 	0.000000 
7944 	 1660.00 	338.699512    1449163 	 	0.009152 	0.000133 	0.000000 
7952 	 1664.00 	336.941303    1457920 	 	0.009138 	0.000132 	0.000000 
7960 	 1668.00 	335.176863    1469550 	 	0.009117 	0.000131 	0.000000 
7968 	 1672.00 	333.418024    1455997 	 	0.009184 	0.000133 	0.000000 
7976 	 1676.00 	331.653482    1453332 	 	0.009152 	0.000132 	0.000000 
7984 	 1680.00 	329.890182    1448499 	 	0.009159 	0.000132 	0.000000 
7992 	 1684.00 	328.124668    1447772 	 	0.009107 	0.000131 	0.000000 
8000 	 1688.00 	326.356588    1444396 	 	0.009067 	0.000129 	0.000000 
8008 	 1692.00 	324.586964    1441424 	 	0.009039 	0.000129 	0.000000 
8016 	 1696.00 	322.818318    1434507 	 	0.009020 	0.000128 	0.000000 
8024 	 1700.00 	321.047500    1440993 	 	0.009004 	0.000127 	0.000000 
8032 	 1704.00 	319.274832    1439791 	 	0.008990 	0.000127 	0.000000 
8040 	 1708.00 	317.503375    1435917 	 	0.008955 	0.000126 	0.000000 
8048 	 1712.00 	315.727202    1431562 	 	0.008980 	0.000127 	0.000000 
8056 	 1716.00 	313.953334    1439688 	 	0.008910 	0.000124 	0.000000 
8064 	 1720.00 	312.170833    1445306 	 	0.008855 	0.000123 	0.000000 
8072 	 1724.00 	310.392131    1441090 	 	0.008878 	0.000124 	0.000000 
8080 	 1728.00 	308.609909    1443865 	 	0.008841 	0.000123 	0.000000 
8088 	 1732.00 	306.828464    1442641 	 	0.008825 	0.000123 	0.000000 
8096 	 1736.00 	305.042899    1453403 	 	0.008852 	0.000123 	0.000000 
8104 	 1740.00 	303.255550    1458986 	 	0.008802 	0.000122 	0.000000 
8112 	 1744.00 	301.468179    1444969 	 	0.008769 	0.000121 	0.000000 
8120 	 1748.00 	299.673574    1453989 	 	0.008788 	0.000122 	0.000000 
8128 	 1752.00 	297.877442    1470064 	 	0.008708 	0.000120 	0.000000 
8136 	 1756.00 	296.079390    1466471 	 	0.008709 	0.000119 	0.000000 
8144 	 1760.00 	294.286076    1452850 	 	0.008655 	0.000118 	0.000000 
8152 	 1764.00 	292.484025    1457002 	 	0.008633 	0.000118 	0.000000 
8160 	 1768.00 	290.684228    1462618 	 	0.008568 	0.000117 	0.000000 
8168 	 1772.00 	288.877603    1472023 	 	0.008581 	0.000117 	0.000000 
8176 	 1776.00 	287.078549    1463600 	 	0.008545 	0.000116 	0.000000 
8184 	 1780.00 	285.271194    1465518 	 	0.008487 	0.000114 	0.000000 
8192 	 1784.00 	283.462299    1474567 	 	0.008470 	0.000114 	0.000000 
8200 	 1788.00 	281.655853    1465673 	 	0.008468 	0.000114 	0.000000 
8208 	 1792.00 	279.846328    1477919 	 	0.008483 	0.000114 	0.000000 
8216 	 1796.00 	278.032083    1483086 	 	0.008473 	0.000113 	0.000000 
8224 	 1800.00 	276.217602    1479004 	 	0.008399 	0.000111 	0.000000 
8232 	 1804.00 	274.397236    1477201 	 	0.008405 	0.000111 	0.000000 
8240 	 1808.00 	272.574853    1482112 	 	0.008348 	0.000110 	0.000000 
8248 	 1812.00 	270.753838    1485429 	 	0.008374 	0.000110 	0.000000 
8256 	 1816.00 	268.924718    1484851 	 	0.008333 	0.000110 	0.000000 
8264 	 1820.00 	267.098093    1502286 	 	0.008321 	0.000109 	0.000000 
8272 	 1824.00 	265.266389    1497159 	 	0.008314 	0.000108 	0.000000 
8280 	 1828.00 	263.436090    1489140 	 	0.008272 	0.000107 	0.000000 
8288 	 1832.00 	261.603171    1485444 	 	0.008225 	0.000106 	0.000000 
8296 	 1836.00 	259.761709    1489667 	 	0.008144 	0.000105 	0.000000 
8304 	 1840.00 	257.920535    1488223 	 	0.008182 	0.000106 	0.000000 
8312 	 1844.00 	256.078067    1486033 	 	0.008055 	0.000103 	0.000000 
8320 	 1848.00 	254.235365    1486575 	 	0.008045 	0.000103 	0.000000 
8328 	 1852.00 	252.387978    1477295 	 	0.008002 	0.000102 	0.000000 
8336 	 1856.00 	250.539347    1485628 	 	0.007963 	0.000100 	0.000000 
8344 	 1860.00 	248.687016    1488818 	 	0.007973 	0.000101 	0.000000 
8352 	 1864.00 	246.836009    1482980 	 	0.007912 	0.000099 	0.000000 
8360 	 1868.00 	244.977736    1486190 	 	0.007874 	0.000098 	0.000000 
8368 	 1872.00 	243.117736    1480649 	 	0.007867 	0.000098 	0.000000 
8376 	 1876.00 	241.254247    1491068 	 	0.007823 	0.000097 	0.000000 
8384 	 1880.00 	239.391141    1479860 	 	0.007763 	0.000095 	0.000000 
8392 	 1884.00 	237.523290    1478148 	 	0.007740 	0.000095 	0.000000 
8400 	 1888.00 	235.654990    1474380 	 	0.007772 	0.000095 	0.000000 
8408 	 1892.00 	233.776832    1472727 	 	0.007707 	0.000094 	0.000000 
8416 	 1896.00 	231.901160    1469741 	 	0.007734 	0.000094 	0.000000 
8424 	 1900.00 	230.019532    1468489 	 	0.007696 	0.000093 	0.000000 
8432 	 1904.00 	228.137523    1459528 	 	0.007669 	0.000092 	0.000000 
8440 	 1908.00 	226.251890    1458093 	 	0.007646 	0.000092 	0.000000 
8448 	 1912.00 	224.368309    1445774 	 	0.007575 	0.000090 	0.000000 
8456 	 1916.00 	222.475611    1451849 	 	0.007580 	0.000091 	0.000000 
8464 	 1920.00 	220.583892    1439762 	 	0.007537 	0.000090 	0.000000 
8472 	 1924.00 	218.687397    1427128 	 	0.007482 	0.000088 	0.000000 
8480 	 1928.00 	216.787706    1431225 	 	0.007458 	0.000088 	0.000000 
8488 	 1932.00 	214.879821    1427495 	 	0.007455 	0.000088 	0.000000 
8496 	 1936.00 	212.973574    1442828 	 	0.007431 	0.000087 	0.000000 
8504 	 1940.00 	211.064235    1439887 	 	0.007382 	0.000086 	0.000000 
8512 	 1944.00 	209.148047    1439952 	 	0.007391 	0.000086 	0.000000 
8520 	 1948.00 	207.231513    1440892 	 	0.007390 	0.000086 	0.000000 
8528 	 1952.00 	205.311218    1438638 	 	0.007360 	0.000085 	0.000000 
8536 	 1956.00 	203.383189    1457228 	 	0.007315 	0.000084 	0.000000 
8544 	 1960.00 	201.454509    1459238 	 	0.007269 	0.000083 	0.000000 
8552 	 1964.00 	199.526133    1446168 	 	0.007197 	0.000082 	0.000000 
8560 	 1968.00 	197.589612    1436225 	 	0.007191 	0.000081 	0.000000 
8568 	 1972.00 	195.656594    1422595 	 	0.007167 	0.000081 	0.000000 
8576 	 1976.00 	193.702592    1436090 	 	0.007124 	0.000080 	0.000000 
8584 	 1980.00 	191.757705    1433188 	 	0.007064 	0.000079 	0.000000 
8592 	 1984.00 	189.811372    1416403 	 	0.007078 	0.000079 	0.000000 
8600 	 1988.00 	187.853941    1420014 	 	0.007035 	0.000078 	0.000000 
8608 	 1992.00 	185.902276    1414565 	 	0.006978 	0.000077 	0.000000 
8616 	 1996.00 	183.941180    1423033 	 	0.006942 	0.000076 	0.000000 
8624 	 2000.00 	181.970932    1417815 	 	0.006934 	0.000076 	0.000000 
8632 	 2004.00 	179.996326    1419703 	 	0.006880 	0.000075 	0.000000 
8640 	 2008.00 	178.014819    1417651 	 	0.006821 	0.000074 	0.000000 
8648 	 2012.00 	176.034119    1421788 	 	0.006823 	0.000073 	0.000000 
8656 	 2016.00 	174.051428    1423749 	 	0.006760 	0.000072 	0.000000 
8664 	 2020.00 	172.056532    1427862 	 	0.006782 	0.000073 	0.000000 
8672 	 2024.00 	170.063097    1431171 	 	0.006711 	0.000071 	0.000000 
8680 	 2028.00 	168.060541    1434129 	 	0.006711 	0.000071 	0.000000 
8688 	 2032.00 	166.051473    1438275 	 	0.006611 	0.000069 	0.000000 
8696 	 2036.00 	164.044435    1447120 	 	0.006611 	0.000069 	0.000000 
8704 	 2040.00 	162.032419    1423717 	 	0.006547 	0.000068 	0.000000 
8712 	 2044.00 	160.011352    1437757 	 	0.006490 	0.000067 	0.000000 
8720 	 2048.00 	157.984586    1430224 	 	0.006436 	0.000065 	0.000000 
8728 	 2052.00 	155.954138    1434435 	 	0.006376 	0.000064 	0.000000 
8736 	 2056.00 	153.915586    1431334 	 	0.006321 	0.000063 	0.000000 
8744 	 2060.00 	151.873411    1424831 	 	0.006273 	0.000062 	0.000000 
8752 	 2064.00 	149.824904    1414092 	 	0.006243 	0.000061 	0.000000 
8760 	 2068.00 	147.768782    1399034 	 	0.006182 	0.000060 	0.000000 
8768 	 2072.00 	145.701482    1417609 	 	0.006195 	0.000060 	0.000000 
8776 	 2076.00 	143.639314    1427150 	 	0.006114 	0.000059 	0.000000 
8784 	 2080.00 	141.563010    1431860 	 	0.006051 	0.000058 	0.000000 
8792 	 2084.00 	139.487072    1428567 	 	0.006001 	0.000057 	0.000000 
8800 	 2088.00 	137.404273    1424108 	 	0.005981 	0.000057 	0.000000 
8808 	 2092.00 	135.310931    1437228 	 	0.005918 	0.000055 	0.000000 
8816 	 2096.00 	133.202555    1447605 	 	0.005877 	0.000055 	0.000000 
8824 	 2100.00 	131.100301    1441429 	 	0.005865 	0.000054 	0.000000 
8832 	 2104.00 	128.992412    1440043 	 	0.005856 	0.000054 	0.000000 
8840 	 2108.00 	126.872457    1457997 	 	0.005765 	0.000053 	0.000000 
8848 	 2112.00 	124.746538    1469921 	 	0.005752 	0.000052 	0.000000 
8856 	 2116.00 	122.604956    1474191 	 	0.005703 	0.000051 	0.000000 
8864 	 2120.00 	120.465731    1485453 	 	0.005696 	0.000051 	0.000000 
8872 	 2124.00 	118.321290    1473432 	 	0.005617 	0.000050 	0.000000 
8880 	 2128.00 	116.169826    1462130 	 	0.005526 	0.000048 	0.000000 
8888 	 2132.00 	113.999880    1475568 	 	0.005492 	0.000048 	0.000000 
8896 	 2136.00 	111.828396    1472663 	 	0.005447 	0.000047 	0.000000 
8904 	 2140.00 	109.644331    1457188 	 	0.005379 	0.000046 	0.000000 
8912 	 2144.00 	107.458744    1466168 	 	0.005305 	0.000045 	0.000000 
8920 	 2148.00 	105.258153    1454032 	 	0.005248 	0.000044 	0.000000 
8928 	 2152.00 	103.044454    1465603 	 	0.005175 	0.000043 	0.000000 
8936 	 2156.00 	100.822376    1471866 	 	0.005141 	0.000042 	0.000000 
8944 	 2160.00 	98.598632    1482424 	 	0.005083 	0.000041 	0.000000 
8952 	 2164.00 	96.350388    1476266 	 	0.004998 	0.000040 	0.000000 
8960 	 2168.00 	94.104001    1471930 	 	0.004964 	0.000039 	0.000000 
8968 	 2172.00 	91.836010    1486177 	 	0.004938 	0.000039 	0.000000 
8976 	 2176.00 	89.569090    1470230 	 	0.004880 	0.000038 	0.000000 
8984 	 2180.00 	87.285194    1465865 	 	0.004806 	0.000037 	0.000000 
8992 	 2184.00 	85.000227    1445890 	 	0.004768 	0.000036 	0.000000 
9000 	 2188.00 	82.687885    1474137 	 	0.004644 	0.000034 	0.000000 
9008 	 2192.00 	80.382708    1416466 	 	0.004631 	0.000034 	0.000000 
9016 	 2196.00 	78.044699    1409951 	 	0.004540 	0.000033 	0.000000 
9024 	 2200.00 	75.706170    1425868 	 	0.004493 	0.000032 	0.000000 
9032 	 2204.00 	73.338359    1421867 	 	0.004429 	0.000031 	0.000000 
9040 	 2208.00 	70.977092    1393414 	 	0.004372 	0.000030 	0.000000 
9048 	 2212.00 	68.570055    1392945 	 	0.004307 	0.000029 	0.000000 
9056 	 2216.00 	66.176711    1403238 	 	0.004269 	0.000029 	0.000000 
9064 	 2220.00 	63.732836    1376230 	 	0.004174 	0.000028 	0.000000 
9072 	 2224.00 	61.307284    1408737 	 	0.004045 	0.000026 	0.000000 
9080 	 2228.00 	58.803578    1401606 	 	0.004029 	0.000025 	0.000000 
9088 	 2232.00 	56.386415    1392673 	 	0.003899 	0.000024 	0.000000 
9096 	 2236.00 	53.817645    1420214 	 	0.003752 	0.000023 	0.000000 
9104 	 2240.00 	51.374476    1400559 	 	0.003721 	0.000022 	0.000000 
9112 	 2244.00 	48.729113    1398989 	 	0.003578 	0.000020 	0.000000 
9120 	 2248.00 	46.301169    1399056 	 	0.003544 	0.000020 	0.000000 
9128 	 2252.00 	43.508953    1413423 	 	0.003218 	0.000017 	0.000000 
9136 	 2256.00 	41.131051    1387611 	 	0.003478 	0.000019 	0.000000 
9144 	 2260.00 	38.178863    1421665 	 	0.003147 	0.000015 	0.000000 
9152 	 2264.00 	35.866040    1401524 	 	0.003136 	0.000016 	0.000000 
9160 	 2268.00 	32.674102    1437101 	 	0.002613 	0.000012 	0.000000 
9168 	 2272.00 	30.485197    1396393 	 	0.003044 	0.000014 	0.000000 
9176 	 2276.00 	26.979995    1424741 	 	0.002565 	0.000009 	0.000000 
9184 	 2280.00 	24.946448    1447258 	 	0.002595 	0.000012 	0.000000 
9192 	 2284.00 	20.983147    1458560 	 	0.001729 	0.000006 	0.000000 
9200 	 2288.00 	19.227593    1427993 	 	0.002548 	0.000009 	0.000000 
9208 	 2292.00 	14.612101    1491952 	 	0.001724 	0.000003 	0.000000 
9216 	 2296.00 	13.233204    1441383 	 	0.001758 	0.000006 	0.000000 
9224 	 2300.00 	7.564122    1447062 	 	0.000000 	0.000000 	0.000000 
9232 	 2304.00 	6.867968    1518335 	 	0.001730 	0.000003 	0.000000 
9248 	 2312.00 	-0.190033    1542724 	 	0.000000 	0.000000 	0.000000 
