#i 	E(i) 	 	log[g(E)] 	  H(E) 	 	<M> 	 	<M^2> 	 	<M^4>
#----------------------------------------------------------------------------------------------------
0 	 -2048.00 	0.000000     546881 	 	1.000000 	1.000000 	 inf 
16 	 -2040.00 	6.934951     548695 	 	0.998047 	0.996098 	 inf 
24 	 -2036.00 	7.621864     537253 	 	0.996094 	0.992203 	 inf 
32 	 -2032.00 	13.184585     542536 	 	0.996073 	0.992162 	 inf 
40 	 -2028.00 	14.577242     531159 	 	0.994111 	0.988256 	 inf 
48 	 -2024.00 	19.061694     540705 	 	0.994032 	0.988100 	 inf 
56 	 -2020.00 	20.831248     511421 	 	0.992086 	0.984235 	 inf 
64 	 -2016.00 	24.674792     525240 	 	0.991920 	0.983907 	 inf 
72 	 -2012.00 	26.701609     494953 	 	0.990010 	0.980120 	 inf 
80 	 -2008.00 	30.081689     538018 	 	0.989754 	0.979615 	 inf 
88 	 -2004.00 	32.297762     495921 	 	0.987919 	0.975985 	 inf 
96 	 -2000.00 	35.355452     526484 	 	0.987489 	0.975137 	 inf 
104 	 -1996.00 	37.670288     531261 	 	0.985759 	0.971722 	 inf 
112 	 -1992.00 	40.512345     545030 	 	0.985127 	0.970478 	 inf 
120 	 -1988.00 	42.886068     557415 	 	0.983529 	0.967332 	 inf 
128 	 -1984.00 	45.583281     547407 	 	0.982770 	0.965839 	 inf 
136 	 -1980.00 	47.981170     540084 	 	0.981333 	0.963016 	 inf 
144 	 -1976.00 	50.565991     560792 	 	0.980373 	0.961136 	 inf 
152 	 -1972.00 	52.959787     555672 	 	0.978946 	0.958339 	 inf 
160 	 -1968.00 	55.459175     564783 	 	0.977906 	0.956306 	 inf 
168 	 -1964.00 	57.847719     565781 	 	0.976579 	0.953712 	 inf 
176 	 -1960.00 	60.275973     588692 	 	0.975427 	0.951464 	 inf 
184 	 -1956.00 	62.649663     570322 	 	0.974134 	0.948945 	 inf 
192 	 -1952.00 	65.039662     572905 	 	0.973014 	0.946765 	 inf 
200 	 -1948.00 	67.382173     566873 	 	0.971690 	0.944190 	 inf 
208 	 -1944.00 	69.728261     566069 	 	0.970496 	0.941872 	 inf 
216 	 -1940.00 	72.050430     569455 	 	0.969171 	0.939303 	 inf 
224 	 -1936.00 	74.361200     561591 	 	0.967913 	0.936868 	 inf 
232 	 -1932.00 	76.663941     559247 	 	0.966554 	0.934239 	 inf 
240 	 -1928.00 	78.946787     559140 	 	0.965383 	0.931978 	 inf 
248 	 -1924.00 	81.220513     559081 	 	0.964039 	0.929386 	 inf 
256 	 -1920.00 	83.483862     546345 	 	0.962694 	0.926796 	 inf 
264 	 -1916.00 	85.724610     562534 	 	0.961418 	0.924343 	 inf 
272 	 -1912.00 	87.959062     564316 	 	0.959997 	0.921613 	 inf 
280 	 -1908.00 	90.187518     562620 	 	0.958600 	0.918935 	 inf 
288 	 -1904.00 	92.400627     560421 	 	0.957431 	0.916694 	 inf 
296 	 -1900.00 	94.604748     553110 	 	0.955989 	0.913937 	 inf 
304 	 -1896.00 	96.797213     558881 	 	0.954552 	0.911194 	 inf 
312 	 -1892.00 	98.976535     552029 	 	0.953196 	0.908610 	 inf 
320 	 -1888.00 	101.147961     563242 	 	0.951793 	0.905936 	 inf 
328 	 -1884.00 	103.312003     553756 	 	0.950338 	0.903172 	 inf 
336 	 -1880.00 	105.462882     557242 	 	0.948969 	0.900574 	 inf 
344 	 -1876.00 	107.605216     560545 	 	0.947601 	0.897980 	 inf 
352 	 -1872.00 	109.734897     561345 	 	0.946128 	0.895193 	 inf 
360 	 -1868.00 	111.863983     553802 	 	0.944634 	0.892369 	 inf 
368 	 -1864.00 	113.987072     557178 	 	0.943231 	0.889724 	 inf 
376 	 -1860.00 	116.095602     558925 	 	0.941787 	0.887005 	 inf 
384 	 -1856.00 	118.197858     562444 	 	0.940210 	0.884041 	 inf 
392 	 -1852.00 	120.293658     562911 	 	0.938715 	0.881234 	 inf 
400 	 -1848.00 	122.380662     559441 	 	0.937323 	0.878625 	 inf 
408 	 -1844.00 	124.465751     556097 	 	0.935768 	0.875715 	 inf 
416 	 -1840.00 	126.532221     555348 	 	0.934232 	0.872845 	 inf 
424 	 -1836.00 	128.596661     560008 	 	0.932777 	0.870133 	 inf 
432 	 -1832.00 	130.658917     559972 	 	0.931208 	0.867211 	 inf 
440 	 -1828.00 	132.715574     558165 	 	0.929620 	0.864260 	 inf 
448 	 -1824.00 	134.762481     552273 	 	0.927984 	0.861228 	 inf 
456 	 -1820.00 	136.801394     559267 	 	0.926458 	0.858399 	 inf 
464 	 -1816.00 	138.834879     557581 	 	0.924854 	0.855433 	 inf 
472 	 -1812.00 	140.864307     554145 	 	0.923321 	0.852605 	 inf 
480 	 -1808.00 	142.880204     555922 	 	0.921642 	0.849507 	 inf 
488 	 -1804.00 	144.900334     553460 	 	0.919934 	0.846370 	 inf 
496 	 -1800.00 	146.904368     552348 	 	0.918423 	0.843596 	 inf 
504 	 -1796.00 	148.911948     551834 	 	0.916540 	0.840148 	 inf 
512 	 -1792.00 	150.905786     549024 	 	0.914934 	0.837214 	 inf 
520 	 -1788.00 	152.902560     546925 	 	0.913120 	0.833912 	 inf 
528 	 -1784.00 	154.890118     546639 	 	0.911426 	0.830829 	 inf 
536 	 -1780.00 	156.873566     549717 	 	0.909539 	0.827407 	 inf 
544 	 -1776.00 	158.855474     547813 	 	0.907726 	0.824113 	 inf 
552 	 -1772.00 	160.827728     542714 	 	0.906194 	0.821334 	 inf 
560 	 -1768.00 	162.799591     547736 	 	0.904338 	0.817986 	 inf 
568 	 -1764.00 	164.757986     540736 	 	0.902442 	0.814568 	 inf 
576 	 -1760.00 	166.717080     547794 	 	0.900785 	0.811581 	 inf 
584 	 -1756.00 	168.670483     554077 	 	0.898801 	0.808030 	 inf 
592 	 -1752.00 	170.619862     544699 	 	0.896857 	0.804557 	 inf 
600 	 -1748.00 	172.565155     540044 	 	0.895286 	0.801756 	 inf 
608 	 -1744.00 	174.505235     534816 	 	0.893053 	0.797782 	 inf 
616 	 -1740.00 	176.439187     532195 	 	0.891233 	0.794533 	 inf 
624 	 -1736.00 	178.375074     526610 	 	0.889328 	0.791158 	 inf 
632 	 -1732.00 	180.297547     523045 	 	0.887345 	0.787652 	 inf 
640 	 -1728.00 	182.224158     521897 	 	0.885278 	0.784013 	 inf 
648 	 -1724.00 	184.146900     516308 	 	0.883171 	0.780297 	 inf 
656 	 -1720.00 	186.065294     516192 	 	0.881408 	0.777191 	 inf 
664 	 -1716.00 	187.973031     521215 	 	0.879358 	0.773605 	 inf 
672 	 -1712.00 	189.877818     515251 	 	0.877152 	0.769764 	 inf 
680 	 -1708.00 	191.784436     517036 	 	0.875275 	0.766485 	 inf 
688 	 -1704.00 	193.682244     517507 	 	0.873290 	0.763038 	 inf 
696 	 -1700.00 	195.576228     519199 	 	0.871039 	0.759126 	 inf 
704 	 -1696.00 	197.467543     523765 	 	0.868833 	0.755321 	 inf 
712 	 -1692.00 	199.357367     522260 	 	0.866815 	0.751838 	 inf 
720 	 -1688.00 	201.242925     526448 	 	0.864522 	0.747902 	 inf 
728 	 -1684.00 	203.128612     521014 	 	0.862245 	0.743987 	 inf 
736 	 -1680.00 	205.005716     525313 	 	0.860204 	0.740490 	 inf 
744 	 -1676.00 	206.879538     511804 	 	0.857785 	0.736361 	 inf 
752 	 -1672.00 	208.754714     521172 	 	0.855665 	0.732738 	 inf 
760 	 -1668.00 	210.622041     512194 	 	0.853252 	0.728650 	 inf 
768 	 -1664.00 	212.488084     511165 	 	0.851143 	0.725069 	 inf 
776 	 -1660.00 	214.356837     508275 	 	0.848526 	0.720677 	 inf 
784 	 -1656.00 	216.215853     510728 	 	0.845806 	0.716115 	 inf 
792 	 -1652.00 	218.068361     517426 	 	0.843247 	0.711832 	 inf 
800 	 -1648.00 	219.920759     517961 	 	0.840375 	0.707070 	 inf 
808 	 -1644.00 	221.773959     521415 	 	0.838238 	0.703479 	 inf 
816 	 -1640.00 	223.619099     518400 	 	0.835453 	0.698864 	 inf 
824 	 -1636.00 	225.461207     523760 	 	0.832938 	0.694702 	 inf 
832 	 -1632.00 	227.301309     520777 	 	0.830051 	0.689978 	 inf 
840 	 -1628.00 	229.140074     528478 	 	0.827792 	0.686273 	 inf 
848 	 -1624.00 	230.976434     527423 	 	0.824785 	0.681419 	 inf 
856 	 -1620.00 	232.812209     521031 	 	0.822443 	0.677602 	 inf 
864 	 -1616.00 	234.640644     521291 	 	0.818933 	0.671946 	 inf 
872 	 -1612.00 	236.468278     516950 	 	0.816335 	0.667788 	 inf 
880 	 -1608.00 	238.294484     520224 	 	0.813420 	0.663142 	 inf 
888 	 -1604.00 	240.117893     522432 	 	0.810395 	0.658250 	 inf 
896 	 -1600.00 	241.938830     520936 	 	0.807064 	0.653017 	 inf 
904 	 -1596.00 	243.757017     531073 	 	0.804302 	0.648702 	 inf 
912 	 -1592.00 	245.574031     523360 	 	0.801111 	0.643753 	 inf 
920 	 -1588.00 	247.387652     525567 	 	0.798713 	0.639844 	 inf 
928 	 -1584.00 	249.198932     526905 	 	0.795618 	0.635072 	 inf 
936 	 -1580.00 	251.007396     523232 	 	0.792157 	0.629768 	 inf 
944 	 -1576.00 	252.813742     524419 	 	0.788445 	0.624086 	 inf 
952 	 -1572.00 	254.615273     529166 	 	0.785460 	0.619458 	 inf 
960 	 -1568.00 	256.423997     527160 	 	0.781977 	0.614140 	 inf 
968 	 -1564.00 	258.221703     528783 	 	0.779022 	0.609708 	 inf 
976 	 -1560.00 	260.020394     537818 	 	0.776093 	0.605188 	 inf 
984 	 -1556.00 	261.814283     535671 	 	0.772780 	0.600222 	 inf 
992 	 -1552.00 	263.608352     543895 	 	0.769260 	0.594754 	 inf 
1000 	 -1548.00 	265.399117     546125 	 	0.765922 	0.589849 	 inf 
1008 	 -1544.00 	267.189786     549513 	 	0.762973 	0.585286 	 inf 
1016 	 -1540.00 	268.979369     550309 	 	0.759108 	0.579662 	 inf 
1024 	 -1536.00 	270.768471     552145 	 	0.755308 	0.574080 	 inf 
1032 	 -1532.00 	272.551706     554556 	 	0.751641 	0.568768 	 inf 
1040 	 -1528.00 	274.333431     549751 	 	0.748460 	0.564044 	 inf 
1048 	 -1524.00 	276.117408     554057 	 	0.744626 	0.558489 	 inf 
1056 	 -1520.00 	277.894960     564556 	 	0.739273 	0.551038 	 inf 
1064 	 -1516.00 	279.673188     560200 	 	0.735577 	0.545895 	 inf 
1072 	 -1512.00 	281.449097     557479 	 	0.730983 	0.539608 	 inf 
1080 	 -1508.00 	283.220223     564321 	 	0.727486 	0.534526 	 inf 
1088 	 -1504.00 	284.992299     562006 	 	0.722032 	0.527155 	 inf 
1096 	 -1500.00 	286.760049     562482 	 	0.718689 	0.522245 	 inf 
1104 	 -1496.00 	288.526665     560354 	 	0.713758 	0.515486 	 inf 
1112 	 -1492.00 	290.292554     565330 	 	0.709201 	0.509328 	 inf 
1120 	 -1488.00 	292.059569     561387 	 	0.704880 	0.503541 	 inf 
1128 	 -1484.00 	293.821015     566915 	 	0.699971 	0.496939 	 inf 
1136 	 -1480.00 	295.586540     566335 	 	0.695547 	0.491092 	 inf 
1144 	 -1476.00 	297.345997     566301 	 	0.690142 	0.484164 	 inf 
1152 	 -1472.00 	299.107849     561816 	 	0.684353 	0.476644 	 inf 
1160 	 -1468.00 	300.861815     562205 	 	0.678897 	0.469472 	 inf 
1168 	 -1464.00 	302.618029     563114 	 	0.673460 	0.462517 	 inf 
1176 	 -1460.00 	304.372805     560929 	 	0.667014 	0.454534 	 inf 
1184 	 -1456.00 	306.128694     567092 	 	0.661875 	0.447929 	 inf 
1192 	 -1452.00 	307.883551     565942 	 	0.655380 	0.440069 	 inf 
1200 	 -1448.00 	309.634195     571639 	 	0.649992 	0.433724 	 inf 
1208 	 -1444.00 	311.389195     570020 	 	0.644312 	0.426774 	 inf 
1216 	 -1440.00 	313.139425     570914 	 	0.637043 	0.418207 	 inf 
1224 	 -1436.00 	314.891950     568843 	 	0.630413 	0.410367 	 inf 
1232 	 -1432.00 	316.641156     568145 	 	0.623151 	0.402049 	 inf 
1240 	 -1428.00 	318.382815     567090 	 	0.616101 	0.394199 	 inf 
1248 	 -1424.00 	320.121705     561742 	 	0.608300 	0.385613 	 inf 
1256 	 -1420.00 	321.864703     560514 	 	0.602462 	0.379036 	 inf 
1264 	 -1416.00 	323.606779     565677 	 	0.594922 	0.370668 	 inf 
1272 	 -1412.00 	325.348409     566762 	 	0.587428 	0.362791 	 inf 
1280 	 -1408.00 	327.085069     560159 	 	0.578600 	0.353133 	 inf 
1288 	 -1404.00 	328.824554     567043 	 	0.570611 	0.344655 	 inf 
1296 	 -1400.00 	330.563351     571835 	 	0.563421 	0.337060 	 inf 
1304 	 -1396.00 	332.297334     572894 	 	0.556688 	0.329985 	 inf 
1312 	 -1392.00 	334.028921     569115 	 	0.548424 	0.321544 	 inf 
1320 	 -1388.00 	335.761337     574363 	 	0.542330 	0.315490 	 inf 
1328 	 -1384.00 	337.493547     571837 	 	0.533389 	0.306778 	 inf 
1336 	 -1380.00 	339.228341     579658 	 	0.527077 	0.300500 	 inf 
1344 	 -1376.00 	340.959120     577728 	 	0.519886 	0.293647 	 inf 
1352 	 -1372.00 	342.688455     573865 	 	0.512907 	0.286699 	 inf 
1360 	 -1368.00 	344.418085     572774 	 	0.504069 	0.278649 	 inf 
1368 	 -1364.00 	346.146372     571226 	 	0.495288 	0.270575 	 inf 
1376 	 -1360.00 	347.872386     571045 	 	0.487491 	0.263222 	 inf 
1384 	 -1356.00 	349.597331     575615 	 	0.480282 	0.256622 	 inf 
1392 	 -1352.00 	351.322550     579209 	 	0.474306 	0.251013 	 inf 
1400 	 -1348.00 	353.043003     580106 	 	0.466417 	0.244444 	 inf 
1408 	 -1344.00 	354.765386     574100 	 	0.460765 	0.239236 	 inf 
1416 	 -1340.00 	356.483251     575645 	 	0.453620 	0.233239 	 inf 
1424 	 -1336.00 	358.198811     576488 	 	0.445930 	0.226414 	 inf 
1432 	 -1332.00 	359.914297     574111 	 	0.437601 	0.219307 	 inf 
1440 	 -1328.00 	361.629271     573859 	 	0.432907 	0.215200 	 inf 
1448 	 -1324.00 	363.341742     568208 	 	0.424084 	0.208126 	 inf 
1456 	 -1320.00 	365.053242     569233 	 	0.417662 	0.202738 	 inf 
1464 	 -1316.00 	366.762730     570086 	 	0.410532 	0.197310 	 inf 
1472 	 -1312.00 	368.471546     568074 	 	0.404749 	0.192372 	 inf 
1480 	 -1308.00 	370.176864     562812 	 	0.400165 	0.188609 	 inf 
1488 	 -1304.00 	371.882972     570359 	 	0.393674 	0.183192 	 inf 
1496 	 -1300.00 	373.588386     567287 	 	0.385475 	0.176758 	 inf 
1504 	 -1296.00 	375.290333     571481 	 	0.380753 	0.172673 	 inf 
1512 	 -1292.00 	376.991096     570321 	 	0.374159 	0.167714 	 inf 
1520 	 -1288.00 	378.689250     573486 	 	0.368755 	0.163815 	 inf 
1528 	 -1284.00 	380.385674     574580 	 	0.362474 	0.159193 	 inf 
1536 	 -1280.00 	382.082163     570367 	 	0.356883 	0.155309 	 inf 
1544 	 -1276.00 	383.773127     568592 	 	0.351049 	0.151008 	 inf 
1552 	 -1272.00 	385.466660     567649 	 	0.344327 	0.146050 	 inf 
1560 	 -1268.00 	387.156677     564902 	 	0.338032 	0.141608 	 inf 
1568 	 -1264.00 	388.842763     565584 	 	0.330095 	0.136320 	 inf 
1576 	 -1260.00 	390.530230     568241 	 	0.324195 	0.132003 	 inf 
1584 	 -1256.00 	392.208487     568704 	 	0.319051 	0.128436 	 inf 
1592 	 -1252.00 	393.890202     567773 	 	0.313803 	0.125243 	 inf 
1600 	 -1248.00 	395.566368     570017 	 	0.307069 	0.120861 	 inf 
1608 	 -1244.00 	397.239110     568168 	 	0.302157 	0.117109 	 inf 
1616 	 -1240.00 	398.912735     570466 	 	0.295667 	0.113094 	 inf 
1624 	 -1236.00 	400.583191     566283 	 	0.290270 	0.109649 	 inf 
1632 	 -1232.00 	402.253925     566383 	 	0.283991 	0.105497 	 inf 
1640 	 -1228.00 	403.918567     567482 	 	0.279701 	0.102720 	 inf 
1648 	 -1224.00 	405.585220     568517 	 	0.273871 	0.099131 	 inf 
1656 	 -1220.00 	407.246781     576170 	 	0.269045 	0.096174 	 inf 
1664 	 -1216.00 	408.907280     573518 	 	0.264913 	0.093532 	 inf 
1672 	 -1212.00 	410.563546     578693 	 	0.262017 	0.091873 	 inf 
1680 	 -1208.00 	412.218140     575802 	 	0.259631 	0.090051 	 inf 
1688 	 -1204.00 	413.869187     575171 	 	0.254940 	0.087288 	 inf 
1696 	 -1200.00 	415.518854     569745 	 	0.251708 	0.085173 	 inf 
1704 	 -1196.00 	417.164241     577695 	 	0.246571 	0.082198 	 inf 
1712 	 -1192.00 	418.812321     571754 	 	0.242757 	0.080083 	 inf 
1720 	 -1188.00 	420.453101     569161 	 	0.237398 	0.077109 	 inf 
1728 	 -1184.00 	422.092869     567564 	 	0.233237 	0.074503 	 inf 
1736 	 -1180.00 	423.728521     566744 	 	0.229515 	0.072691 	 inf 
1744 	 -1176.00 	425.363975     571379 	 	0.225760 	0.070286 	 inf 
1752 	 -1172.00 	426.996198     567624 	 	0.221200 	0.067970 	 inf 
1760 	 -1168.00 	428.624020     563910 	 	0.217731 	0.066102 	 inf 
1768 	 -1164.00 	430.248997     564819 	 	0.214255 	0.064158 	 inf 
1776 	 -1160.00 	431.871069     567296 	 	0.210356 	0.062296 	 inf 
1784 	 -1156.00 	433.492277     565884 	 	0.207665 	0.060744 	 inf 
1792 	 -1152.00 	435.111336     568148 	 	0.204568 	0.059107 	 inf 
1800 	 -1148.00 	436.725843     564879 	 	0.201924 	0.057537 	 inf 
1808 	 -1144.00 	438.338384     568225 	 	0.200201 	0.056787 	 inf 
1816 	 -1140.00 	439.947106     555986 	 	0.196583 	0.054902 	 inf 
1824 	 -1136.00 	441.554744     560517 	 	0.194580 	0.053805 	 inf 
1832 	 -1132.00 	443.161520     561969 	 	0.190431 	0.051862 	 inf 
1840 	 -1128.00 	444.759835     556589 	 	0.188181 	0.050705 	 inf 
1848 	 -1124.00 	446.356156     565653 	 	0.185423 	0.049295 	 inf 
1856 	 -1120.00 	447.952391     571711 	 	0.183913 	0.048403 	 inf 
1864 	 -1116.00 	449.547851     564383 	 	0.181622 	0.047333 	 inf 
1872 	 -1112.00 	451.138199     564732 	 	0.179130 	0.046179 	 inf 
1880 	 -1108.00 	452.723833     561791 	 	0.176964 	0.045065 	 inf 
1888 	 -1104.00 	454.307450     563164 	 	0.174881 	0.044093 	 inf 
1896 	 -1100.00 	455.888859     568844 	 	0.172690 	0.042995 	 inf 
1904 	 -1096.00 	457.466327     566667 	 	0.170102 	0.041740 	 inf 
1912 	 -1092.00 	459.040965     567717 	 	0.167353 	0.040614 	 inf 
1920 	 -1088.00 	460.610850     564004 	 	0.165007 	0.039472 	 inf 
1928 	 -1084.00 	462.174920     566555 	 	0.163352 	0.038773 	 inf 
1936 	 -1080.00 	463.738523     568672 	 	0.160959 	0.037541 	 inf 
1944 	 -1076.00 	465.299392     566717 	 	0.157348 	0.036008 	 inf 
1952 	 -1072.00 	466.857115     571436 	 	0.154959 	0.034986 	 inf 
1960 	 -1068.00 	468.413754     564547 	 	0.152564 	0.034048 	 inf 
1968 	 -1064.00 	469.965702     562225 	 	0.150922 	0.033392 	 inf 
1976 	 -1060.00 	471.513324     559166 	 	0.149527 	0.032849 	 inf 
1984 	 -1056.00 	473.062262     553268 	 	0.147052 	0.031891 	 inf 
1992 	 -1052.00 	474.602369     552701 	 	0.145790 	0.031341 	 inf 
2000 	 -1048.00 	476.142036     553360 	 	0.143598 	0.030446 	 inf 
2008 	 -1044.00 	477.678383     555844 	 	0.142297 	0.029870 	 inf 
2016 	 -1040.00 	479.208173     555876 	 	0.141399 	0.029502 	 inf 
2024 	 -1036.00 	480.738325     557959 	 	0.140169 	0.029135 	 inf 
2032 	 -1032.00 	482.260955     557837 	 	0.138257 	0.028314 	 inf 
2040 	 -1028.00 	483.781577     555293 	 	0.136529 	0.027674 	 inf 
2048 	 -1024.00 	485.298189     556285 	 	0.135320 	0.027197 	 inf 
2056 	 -1020.00 	486.814272     551019 	 	0.133504 	0.026579 	 inf 
2064 	 -1016.00 	488.324805     548707 	 	0.131371 	0.025825 	 inf 
2072 	 -1012.00 	489.833026     550336 	 	0.130888 	0.025586 	 inf 
2080 	 -1008.00 	491.339320     546109 	 	0.128169 	0.024667 	 inf 
2088 	 -1004.00 	492.838289     548068 	 	0.127684 	0.024507 	 inf 
2096 	 -1000.00 	494.335370     545006 	 	0.125396 	0.023728 	 inf 
2104 	 -996.00 	495.828195     544174 	 	0.124132 	0.023237 	 inf 
2112 	 -992.00 	497.321964     542654 	 	0.122151 	0.022587 	 inf 
2120 	 -988.00 	498.808522     540339 	 	0.120947 	0.022236 	 inf 
2128 	 -984.00 	500.290345     542556 	 	0.120392 	0.021965 	 inf 
2136 	 -980.00 	501.773480     536346 	 	0.118249 	0.021216 	 inf 
2144 	 -976.00 	503.251113     542087 	 	0.117204 	0.020891 	 inf 
2152 	 -972.00 	504.721825     541825 	 	0.116328 	0.020565 	 inf 
2160 	 -968.00 	506.190007     539764 	 	0.115195 	0.020216 	 inf 
2168 	 -964.00 	507.653932     541475 	 	0.114410 	0.019953 	 inf 
2176 	 -960.00 	509.116490     536602 	 	0.113150 	0.019609 	 inf 
2184 	 -956.00 	510.573278     534188 	 	0.111549 	0.019115 	 inf 
2192 	 -952.00 	512.023684     537892 	 	0.110287 	0.018709 	 inf 
2200 	 -948.00 	513.474390     533140 	 	0.109725 	0.018510 	 inf 
2208 	 -944.00 	514.919574     532348 	 	0.108713 	0.018075 	 inf 
2216 	 -940.00 	516.361519     533725 	 	0.107156 	0.017632 	 inf 
2224 	 -936.00 	517.797793     532922 	 	0.105886 	0.017161 	 inf 
2232 	 -932.00 	519.230934     536950 	 	0.104358 	0.016654 	 inf 
2240 	 -928.00 	520.663041     536837 	 	0.103252 	0.016324 	 inf 
2248 	 -924.00 	522.089002     535443 	 	0.103069 	0.016236 	 inf 
2256 	 -920.00 	523.511228     539292 	 	0.101893 	0.015899 	 inf 
2264 	 -916.00 	524.929636     539194 	 	0.100739 	0.015567 	 inf 
2272 	 -912.00 	526.346108     536109 	 	0.099546 	0.015182 	 inf 
2280 	 -908.00 	527.755962     533829 	 	0.099245 	0.015061 	 inf 
2288 	 -904.00 	529.162019     540662 	 	0.098796 	0.014898 	 inf 
2296 	 -900.00 	530.562068     538599 	 	0.097468 	0.014524 	 inf 
2304 	 -896.00 	531.964010     531933 	 	0.096122 	0.014139 	 inf 
2312 	 -892.00 	533.355403     534873 	 	0.095296 	0.013896 	 inf 
2320 	 -888.00 	534.746844     531532 	 	0.094844 	0.013691 	 inf 
2328 	 -884.00 	536.135115     535397 	 	0.094626 	0.013633 	 inf 
2336 	 -880.00 	537.517450     537335 	 	0.093907 	0.013428 	 inf 
2344 	 -876.00 	538.894015     540922 	 	0.092856 	0.013146 	 inf 
2352 	 -872.00 	540.269077     536115 	 	0.092066 	0.012922 	 inf 
2360 	 -868.00 	541.639822     531875 	 	0.090906 	0.012674 	 inf 
2368 	 -864.00 	543.005977     526329 	 	0.090428 	0.012556 	 inf 
2376 	 -860.00 	544.369633     527775 	 	0.088972 	0.012157 	 inf 
2384 	 -856.00 	545.726827     529826 	 	0.088130 	0.011944 	 inf 
2392 	 -852.00 	547.080602     528578 	 	0.087230 	0.011709 	 inf 
2400 	 -848.00 	548.430978     531364 	 	0.086235 	0.011463 	 inf 
2408 	 -844.00 	549.773206     534122 	 	0.085715 	0.011304 	 inf 
2416 	 -840.00 	551.114633     531892 	 	0.084248 	0.010982 	 inf 
2424 	 -836.00 	552.450675     530371 	 	0.083334 	0.010732 	 inf 
2432 	 -832.00 	553.781861     532365 	 	0.082387 	0.010502 	 inf 
2440 	 -828.00 	555.108219     533497 	 	0.081735 	0.010299 	 inf 
2448 	 -824.00 	556.434196     531257 	 	0.080857 	0.010097 	 inf 
2456 	 -820.00 	557.751961     533636 	 	0.079891 	0.009890 	 inf 
2464 	 -816.00 	559.066412     539466 	 	0.078805 	0.009635 	 inf 
2472 	 -812.00 	560.378219     537113 	 	0.078102 	0.009484 	 inf 
2480 	 -808.00 	561.684380     533867 	 	0.077032 	0.009259 	 inf 
2488 	 -804.00 	562.987239     533286 	 	0.076123 	0.009022 	 inf 
2496 	 -800.00 	564.283818     537091 	 	0.075491 	0.008880 	 inf 
2504 	 -796.00 	565.577247     537130 	 	0.074865 	0.008721 	 inf 
2512 	 -792.00 	566.864194     537739 	 	0.074284 	0.008590 	 inf 
2520 	 -788.00 	568.146034     541550 	 	0.073896 	0.008489 	 inf 
2528 	 -784.00 	569.427457     539908 	 	0.073484 	0.008395 	 inf 
2536 	 -780.00 	570.702515     539255 	 	0.073229 	0.008321 	 inf 
2544 	 -776.00 	571.972044     544293 	 	0.072647 	0.008188 	 inf 
2552 	 -772.00 	573.237377     541114 	 	0.072153 	0.008063 	 inf 
2560 	 -768.00 	574.499208     544016 	 	0.071998 	0.008025 	 inf 
2568 	 -764.00 	575.754470     539727 	 	0.071583 	0.007949 	 inf 
2576 	 -760.00 	577.007044     542735 	 	0.071077 	0.007849 	 inf 
2584 	 -756.00 	578.254607     548630 	 	0.070803 	0.007779 	 inf 
2592 	 -752.00 	579.498693     546560 	 	0.069785 	0.007534 	 inf 
2600 	 -748.00 	580.738493     548993 	 	0.069477 	0.007478 	 inf 
2608 	 -744.00 	581.968279     550555 	 	0.069171 	0.007402 	 inf 
2616 	 -740.00 	583.195147     550604 	 	0.068823 	0.007315 	 inf 
2624 	 -736.00 	584.418555     550857 	 	0.067979 	0.007144 	 inf 
2632 	 -732.00 	585.639139     553839 	 	0.067423 	0.007031 	 inf 
2640 	 -728.00 	586.852239     553089 	 	0.067051 	0.006934 	 inf 
2648 	 -724.00 	588.063400     557625 	 	0.066742 	0.006847 	 inf 
2656 	 -720.00 	589.265788     562499 	 	0.065713 	0.006660 	 inf 
2664 	 -716.00 	590.464106     563068 	 	0.065349 	0.006580 	 inf 
2672 	 -712.00 	591.657554     562205 	 	0.064925 	0.006487 	 inf 
2680 	 -708.00 	592.847523     558026 	 	0.064685 	0.006432 	 inf 
2688 	 -704.00 	594.027560     555634 	 	0.063987 	0.006285 	 inf 
2696 	 -700.00 	595.207923     558667 	 	0.063653 	0.006229 	 inf 
2704 	 -696.00 	596.381974     556569 	 	0.062897 	0.006090 	 inf 
2712 	 -692.00 	597.549799     554954 	 	0.062465 	0.006004 	 inf 
2720 	 -688.00 	598.710773     556247 	 	0.062368 	0.006005 	 inf 
2728 	 -684.00 	599.871000     554588 	 	0.061874 	0.005897 	 inf 
2736 	 -680.00 	601.024894     550116 	 	0.061595 	0.005849 	 inf 
2744 	 -676.00 	602.172740     551156 	 	0.061165 	0.005766 	 inf 
2752 	 -672.00 	603.314897     550407 	 	0.060084 	0.005595 	 inf 
2760 	 -668.00 	604.454067     551134 	 	0.059733 	0.005535 	 inf 
2768 	 -664.00 	605.587182     555707 	 	0.059180 	0.005408 	 inf 
2776 	 -660.00 	606.716191     553605 	 	0.058792 	0.005357 	 inf 
2784 	 -656.00 	607.835621     551297 	 	0.058566 	0.005296 	 inf 
2792 	 -652.00 	608.951939     549149 	 	0.058056 	0.005232 	 inf 
2800 	 -648.00 	610.060046     548340 	 	0.057750 	0.005174 	 inf 
2808 	 -644.00 	611.166552     550931 	 	0.057415 	0.005131 	 inf 
2816 	 -640.00 	612.262825     552191 	 	0.057269 	0.005105 	 inf 
2824 	 -636.00 	613.360157     546654 	 	0.056669 	0.005005 	 inf 
2832 	 -632.00 	614.450142     546411 	 	0.056471 	0.004979 	 inf 
2840 	 -628.00 	615.533490     545078 	 	0.055978 	0.004883 	 inf 
2848 	 -624.00 	616.614160     543357 	 	0.055608 	0.004825 	 inf 
2856 	 -620.00 	617.684752     547755 	 	0.055495 	0.004798 	 inf 
2864 	 -616.00 	618.753761     548321 	 	0.055285 	0.004763 	 inf 
2872 	 -612.00 	619.818114     547718 	 	0.054894 	0.004702 	 inf 
2880 	 -608.00 	620.876057     548545 	 	0.054622 	0.004651 	 inf 
2888 	 -604.00 	621.928470     548050 	 	0.054280 	0.004582 	 inf 
2896 	 -600.00 	622.973565     546458 	 	0.053924 	0.004523 	 inf 
2904 	 -596.00 	624.016518     544570 	 	0.053368 	0.004428 	 inf 
2912 	 -592.00 	625.051569     541174 	 	0.053112 	0.004381 	 inf 
2920 	 -588.00 	626.081004     542116 	 	0.052690 	0.004315 	 inf 
2928 	 -584.00 	627.104778     542359 	 	0.052407 	0.004275 	 inf 
2936 	 -580.00 	628.122322     541339 	 	0.052247 	0.004237 	 inf 
2944 	 -576.00 	629.134525     539636 	 	0.052078 	0.004211 	 inf 
2952 	 -572.00 	630.142624     537785 	 	0.051669 	0.004153 	 inf 
2960 	 -568.00 	631.143872     538561 	 	0.051154 	0.004077 	 inf 
2968 	 -564.00 	632.139050     538727 	 	0.050568 	0.003995 	 inf 
2976 	 -560.00 	633.130309     536199 	 	0.050338 	0.003955 	 inf 
2984 	 -556.00 	634.115235     534654 	 	0.050080 	0.003902 	 inf 
2992 	 -552.00 	635.094199     531022 	 	0.049703 	0.003840 	 inf 
3000 	 -548.00 	636.063231     533050 	 	0.049286 	0.003778 	 inf 
3008 	 -544.00 	637.029495     532906 	 	0.048885 	0.003723 	 inf 
3016 	 -540.00 	637.988735     536078 	 	0.048682 	0.003685 	 inf 
3024 	 -536.00 	638.944173     533354 	 	0.048655 	0.003679 	 inf 
3032 	 -532.00 	639.894584     536466 	 	0.048402 	0.003645 	 inf 
3040 	 -528.00 	640.837697     535532 	 	0.048107 	0.003604 	 inf 
3048 	 -524.00 	641.775166     529283 	 	0.047884 	0.003562 	 inf 
3056 	 -520.00 	642.708298     531952 	 	0.047448 	0.003494 	 inf 
3064 	 -516.00 	643.634062     527667 	 	0.047031 	0.003446 	 inf 
3072 	 -512.00 	644.553420     529516 	 	0.046445 	0.003378 	 inf 
3080 	 -508.00 	645.465231     527473 	 	0.046221 	0.003339 	 inf 
3088 	 -504.00 	646.371862     528139 	 	0.045860 	0.003287 	 inf 
3096 	 -500.00 	647.270243     526669 	 	0.045938 	0.003278 	 inf 
3104 	 -496.00 	648.163290     525784 	 	0.045697 	0.003252 	 inf 
3112 	 -492.00 	649.053667     526638 	 	0.045397 	0.003205 	 inf 
3120 	 -488.00 	649.935276     525502 	 	0.045122 	0.003175 	 inf 
3128 	 -484.00 	650.809806     527172 	 	0.044883 	0.003145 	 inf 
3136 	 -480.00 	651.680040     525180 	 	0.044583 	0.003107 	 inf 
3144 	 -476.00 	652.543449     527031 	 	0.044311 	0.003066 	 inf 
3152 	 -472.00 	653.400912     521398 	 	0.044032 	0.003033 	 inf 
3160 	 -468.00 	654.253381     521414 	 	0.043832 	0.003009 	 inf 
3168 	 -464.00 	655.098557     520365 	 	0.043549 	0.002966 	 inf 
3176 	 -460.00 	655.937878     518672 	 	0.043255 	0.002928 	 inf 
3184 	 -456.00 	656.771170     519887 	 	0.043071 	0.002899 	 inf 
3192 	 -452.00 	657.597217     518547 	 	0.042789 	0.002874 	 inf 
3200 	 -448.00 	658.416501     516938 	 	0.042690 	0.002852 	 inf 
3208 	 -444.00 	659.228737     520761 	 	0.042531 	0.002821 	 inf 
3216 	 -440.00 	660.036670     517386 	 	0.042331 	0.002794 	 inf 
3224 	 -436.00 	660.838266     519033 	 	0.042106 	0.002768 	 inf 
3232 	 -432.00 	661.633963     521032 	 	0.041714 	0.002718 	 inf 
3240 	 -428.00 	662.422076     521744 	 	0.041502 	0.002690 	 inf 
3248 	 -424.00 	663.201141     522614 	 	0.041025 	0.002633 	 inf 
3256 	 -420.00 	663.976239     521532 	 	0.040882 	0.002614 	 inf 
3264 	 -416.00 	664.743083     520958 	 	0.040718 	0.002597 	 inf 
3272 	 -412.00 	665.505729     519009 	 	0.040506 	0.002564 	 inf 
3280 	 -408.00 	666.260740     518946 	 	0.040471 	0.002557 	 inf 
3288 	 -404.00 	667.011513     515543 	 	0.040045 	0.002511 	 inf 
3296 	 -400.00 	667.752844     517107 	 	0.039993 	0.002505 	 inf 
3304 	 -396.00 	668.488878     514669 	 	0.039806 	0.002484 	 inf 
3312 	 -392.00 	669.218918     517666 	 	0.039584 	0.002453 	 inf 
3320 	 -388.00 	669.942785     518867 	 	0.039436 	0.002428 	 inf 
3328 	 -384.00 	670.658445     521630 	 	0.039324 	0.002415 	 inf 
3336 	 -380.00 	671.368294     522981 	 	0.039251 	0.002406 	 inf 
3344 	 -376.00 	672.071396     525705 	 	0.039175 	0.002396 	 inf 
3352 	 -372.00 	672.767107     526242 	 	0.038975 	0.002373 	 inf 
3360 	 -368.00 	673.455369     523249 	 	0.038641 	0.002334 	 inf 
3368 	 -364.00 	674.136101     522861 	 	0.038517 	0.002317 	 inf 
3376 	 -360.00 	674.812452     524190 	 	0.038222 	0.002280 	 inf 
3384 	 -356.00 	675.482690     524935 	 	0.037957 	0.002257 	 inf 
3392 	 -352.00 	676.144734     524848 	 	0.037898 	0.002244 	 inf 
3400 	 -348.00 	676.800844     523642 	 	0.037637 	0.002214 	 inf 
3408 	 -344.00 	677.449339     521514 	 	0.037289 	0.002177 	 inf 
3416 	 -340.00 	678.091784     518463 	 	0.036950 	0.002147 	 inf 
3424 	 -336.00 	678.726297     517877 	 	0.036665 	0.002111 	 inf 
3432 	 -332.00 	679.353377     516723 	 	0.036397 	0.002075 	 inf 
3440 	 -328.00 	679.972848     515369 	 	0.036196 	0.002053 	 inf 
3448 	 -324.00 	680.587742     516315 	 	0.035966 	0.002029 	 inf 
3456 	 -320.00 	681.191987     517907 	 	0.035892 	0.002020 	 inf 
3464 	 -316.00 	681.789887     520489 	 	0.035569 	0.001986 	 inf 
3472 	 -312.00 	682.381927     518583 	 	0.035208 	0.001949 	 inf 
3480 	 -308.00 	682.966710     518362 	 	0.034927 	0.001916 	 inf 
3488 	 -304.00 	683.544533     518876 	 	0.034697 	0.001895 	 inf 
3496 	 -300.00 	684.115229     520472 	 	0.034581 	0.001883 	 inf 
3504 	 -296.00 	684.679781     521968 	 	0.034499 	0.001871 	 inf 
3512 	 -292.00 	685.238642     520949 	 	0.034251 	0.001847 	 inf 
3520 	 -288.00 	685.786988     519841 	 	0.034102 	0.001833 	 inf 
3528 	 -284.00 	686.331331     519041 	 	0.033991 	0.001820 	 inf 
3536 	 -280.00 	686.866563     519672 	 	0.033805 	0.001803 	 inf 
3544 	 -276.00 	687.395624     516103 	 	0.033602 	0.001785 	 inf 
3552 	 -272.00 	687.917465     517108 	 	0.033461 	0.001769 	 inf 
3560 	 -268.00 	688.432125     517033 	 	0.033323 	0.001753 	 inf 
3568 	 -264.00 	688.938854     515714 	 	0.033198 	0.001735 	 inf 
3576 	 -260.00 	689.438639     517600 	 	0.033034 	0.001720 	 inf 
3584 	 -256.00 	689.932473     519220 	 	0.032862 	0.001703 	 inf 
3592 	 -252.00 	690.417937     513360 	 	0.032904 	0.001703 	 inf 
3600 	 -248.00 	690.896288     512768 	 	0.032737 	0.001685 	 inf 
3608 	 -244.00 	691.367042     515847 	 	0.032650 	0.001674 	 inf 
3616 	 -240.00 	691.829527     517153 	 	0.032488 	0.001655 	 inf 
3624 	 -236.00 	692.287079     518002 	 	0.032386 	0.001640 	 inf 
3632 	 -232.00 	692.736261     516742 	 	0.032196 	0.001619 	 inf 
3640 	 -228.00 	693.176042     519600 	 	0.031904 	0.001589 	 inf 
3648 	 -224.00 	693.610605     521352 	 	0.031788 	0.001579 	 inf 
3656 	 -220.00 	694.036981     521998 	 	0.031572 	0.001561 	 inf 
3664 	 -216.00 	694.455935     519338 	 	0.031414 	0.001544 	 inf 
3672 	 -212.00 	694.869102     517988 	 	0.031267 	0.001530 	 inf 
3680 	 -208.00 	695.272112     518736 	 	0.031184 	0.001525 	 inf 
3688 	 -204.00 	695.669175     517666 	 	0.031022 	0.001508 	 inf 
3696 	 -200.00 	696.057695     520716 	 	0.030763 	0.001484 	 inf 
3704 	 -196.00 	696.441173     516994 	 	0.030576 	0.001466 	 inf 
3712 	 -192.00 	696.814734     516264 	 	0.030373 	0.001446 	 inf 
3720 	 -188.00 	697.182335     514798 	 	0.030157 	0.001425 	 inf 
3728 	 -184.00 	697.541118     513869 	 	0.029929 	0.001408 	 inf 
3736 	 -180.00 	697.893397     510481 	 	0.029976 	0.001410 	 inf 
3744 	 -176.00 	698.235772     512455 	 	0.029845 	0.001398 	 inf 
3752 	 -172.00 	698.572339     510161 	 	0.029679 	0.001381 	 inf 
3760 	 -168.00 	698.901239     510339 	 	0.029600 	0.001371 	 inf 
3768 	 -164.00 	699.222748     508133 	 	0.029577 	0.001370 	 inf 
3776 	 -160.00 	699.536669     508153 	 	0.029541 	0.001363 	 inf 
3784 	 -156.00 	699.843963     506618 	 	0.029513 	0.001357 	 inf 
3792 	 -152.00 	700.141314     508986 	 	0.029365 	0.001344 	 inf 
3800 	 -148.00 	700.432176     508082 	 	0.029232 	0.001331 	 inf 
3808 	 -144.00 	700.714987     508271 	 	0.029014 	0.001315 	 inf 
3816 	 -140.00 	700.990797     503861 	 	0.028808 	0.001296 	 inf 
3824 	 -136.00 	701.258220     504188 	 	0.028561 	0.001277 	 inf 
3832 	 -132.00 	701.517423     503810 	 	0.028362 	0.001261 	 inf 
3840 	 -128.00 	701.771190     503659 	 	0.028278 	0.001251 	 inf 
3848 	 -124.00 	702.016223     503758 	 	0.028150 	0.001241 	 inf 
3856 	 -120.00 	702.254362     501423 	 	0.027983 	0.001228 	 inf 
3864 	 -116.00 	702.485233     502847 	 	0.027903 	0.001222 	 inf 
3872 	 -112.00 	702.706188     501546 	 	0.027713 	0.001205 	 inf 
3880 	 -108.00 	702.919526     503951 	 	0.027731 	0.001205 	 inf 
3888 	 -104.00 	703.123357     503888 	 	0.027593 	0.001193 	 inf 
3896 	 -100.00 	703.321749     506116 	 	0.027409 	0.001178 	 inf 
3904 	 -96.00 	703.513253     507618 	 	0.027282 	0.001166 	 inf 
3912 	 -92.00 	703.696858     507791 	 	0.027167 	0.001157 	 inf 
3920 	 -88.00 	703.871505     508204 	 	0.027091 	0.001152 	 inf 
3928 	 -84.00 	704.038771     509601 	 	0.026967 	0.001142 	 inf 
3936 	 -80.00 	704.200155     510467 	 	0.026885 	0.001135 	 inf 
3944 	 -76.00 	704.352047     511145 	 	0.026840 	0.001129 	 inf 
3952 	 -72.00 	704.496296     515703 	 	0.026661 	0.001115 	 inf 
3960 	 -68.00 	704.632808     513168 	 	0.026464 	0.001097 	 inf 
3968 	 -64.00 	704.762544     514206 	 	0.026440 	0.001092 	 inf 
3976 	 -60.00 	704.884966     514535 	 	0.026358 	0.001084 	 inf 
3984 	 -56.00 	704.998047     514973 	 	0.026256 	0.001077 	 inf 
3992 	 -52.00 	705.104720     515123 	 	0.026058 	0.001063 	 inf 
4000 	 -48.00 	705.201558     512896 	 	0.025925 	0.001054 	 inf 
4008 	 -44.00 	705.291070     514007 	 	0.025829 	0.001048 	 inf 
4016 	 -40.00 	705.372682     515716 	 	0.025735 	0.001040 	 inf 
4024 	 -36.00 	705.448258     515835 	 	0.025649 	0.001034 	 inf 
4032 	 -32.00 	705.515449     517972 	 	0.025493 	0.001021 	 inf 
4040 	 -28.00 	705.572681     517898 	 	0.025427 	0.001014 	 inf 
4048 	 -24.00 	705.623397     518057 	 	0.025377 	0.001010 	 inf 
4056 	 -20.00 	705.665626     518370 	 	0.025259 	0.001001 	 inf 
4064 	 -16.00 	705.701733     517914 	 	0.025225 	0.000997 	 inf 
4072 	 -12.00 	705.729680     517043 	 	0.025120 	0.000988 	 inf 
4080 	  -8.00 	705.748664     515880 	 	0.025082 	0.000984 	 inf 
4088 	  -4.00 	705.759425     515742 	 	0.024935 	0.000974 	 inf 
4096 	   0.00 	705.763885     516569 	 	0.024838 	0.000966 	 inf 
4104 	   4.00 	705.759007     517616 	 	0.024709 	0.000959 	 inf 
4112 	   8.00 	705.747327     517665 	 	0.024663 	0.000955 	 inf 
4120 	  12.00 	705.728101     517507 	 	0.024548 	0.000945 	 inf 
4128 	  16.00 	705.699566     518476 	 	0.024504 	0.000941 	 inf 
4136 	  20.00 	705.664111     518386 	 	0.024485 	0.000939 	 inf 
4144 	  24.00 	705.620892     517246 	 	0.024434 	0.000936 	 inf 
4152 	  28.00 	705.570778     516455 	 	0.024314 	0.000927 	 inf 
4160 	  32.00 	705.510652     518615 	 	0.024195 	0.000919 	 inf 
4168 	  36.00 	705.444671     515610 	 	0.024034 	0.000908 	 inf 
4176 	  40.00 	705.371629     514672 	 	0.023986 	0.000906 	 inf 
4184 	  44.00 	705.291328     515893 	 	0.023843 	0.000895 	 inf 
4192 	  48.00 	705.201959     518396 	 	0.023808 	0.000893 	 inf 
4200 	  52.00 	705.103761     520546 	 	0.023740 	0.000886 	 inf 
4208 	  56.00 	704.997281     519845 	 	0.023773 	0.000885 	 inf 
4216 	  60.00 	704.883504     517976 	 	0.023611 	0.000875 	 inf 
4224 	  64.00 	704.761518     518664 	 	0.023578 	0.000871 	 inf 
4232 	  68.00 	704.634246     520514 	 	0.023421 	0.000861 	 inf 
4240 	  72.00 	704.496630     520867 	 	0.023286 	0.000852 	 inf 
4248 	  76.00 	704.352513     520379 	 	0.023189 	0.000843 	 inf 
4256 	  80.00 	704.201110     519187 	 	0.023191 	0.000841 	 inf 
4264 	  84.00 	704.040346     519725 	 	0.023146 	0.000837 	 inf 
4272 	  88.00 	703.871740     520673 	 	0.023035 	0.000831 	 inf 
4280 	  92.00 	703.694829     520351 	 	0.022933 	0.000824 	 inf 
4288 	  96.00 	703.511594     519505 	 	0.022923 	0.000823 	 inf 
4296 	 100.00 	703.320600     520068 	 	0.022913 	0.000821 	 inf 
4304 	 104.00 	703.121075     524624 	 	0.022822 	0.000815 	 inf 
4312 	 108.00 	702.915151     522249 	 	0.022742 	0.000808 	 inf 
4320 	 112.00 	702.699088     524833 	 	0.022582 	0.000799 	 inf 
4328 	 116.00 	702.477725     524499 	 	0.022525 	0.000794 	 inf 
4336 	 120.00 	702.247686     526042 	 	0.022457 	0.000788 	 inf 
4344 	 124.00 	702.010263     525950 	 	0.022359 	0.000783 	 inf 
4352 	 128.00 	701.764906     526610 	 	0.022225 	0.000774 	 inf 
4360 	 132.00 	701.511084     526869 	 	0.022131 	0.000769 	 inf 
4368 	 136.00 	701.250363     527040 	 	0.022025 	0.000762 	 inf 
4376 	 140.00 	700.981731     526726 	 	0.021949 	0.000756 	 inf 
4384 	 144.00 	700.707146     525860 	 	0.021846 	0.000750 	 inf 
4392 	 148.00 	700.424886     521314 	 	0.021782 	0.000744 	 inf 
4400 	 152.00 	700.134143     523087 	 	0.021676 	0.000738 	 inf 
4408 	 156.00 	699.834334     524216 	 	0.021611 	0.000732 	 inf 
4416 	 160.00 	699.528514     523465 	 	0.021482 	0.000724 	 inf 
4424 	 164.00 	699.212610     522766 	 	0.021407 	0.000719 	 inf 
4432 	 168.00 	698.892042     520870 	 	0.021323 	0.000713 	 inf 
4440 	 172.00 	698.561560     521333 	 	0.021265 	0.000710 	 inf 
4448 	 176.00 	698.223036     521787 	 	0.021180 	0.000706 	 inf 
4456 	 180.00 	697.877843     520415 	 	0.021156 	0.000704 	 inf 
4464 	 184.00 	697.527035     521176 	 	0.021098 	0.000701 	 inf 
4472 	 188.00 	697.166574     516083 	 	0.021062 	0.000699 	 inf 
4480 	 192.00 	696.800186     515935 	 	0.021043 	0.000696 	 inf 
4488 	 196.00 	696.425791     516329 	 	0.020898 	0.000687 	 inf 
4496 	 200.00 	696.043331     517443 	 	0.020896 	0.000686 	 inf 
4504 	 204.00 	695.653263     518776 	 	0.020870 	0.000684 	 inf 
4512 	 208.00 	695.258246     513850 	 	0.020823 	0.000681 	 inf 
4520 	 212.00 	694.853219     512256 	 	0.020733 	0.000676 	 inf 
4528 	 216.00 	694.442468     509368 	 	0.020656 	0.000670 	 inf 
4536 	 220.00 	694.023081     507699 	 	0.020544 	0.000664 	 inf 
4544 	 224.00 	693.596765     507032 	 	0.020487 	0.000659 	 inf 
4552 	 228.00 	693.162486     505134 	 	0.020460 	0.000656 	 inf 
4560 	 232.00 	692.722552     503574 	 	0.020370 	0.000651 	 inf 
4568 	 236.00 	692.274859     501058 	 	0.020236 	0.000646 	 inf 
4576 	 240.00 	691.818921     503618 	 	0.020181 	0.000642 	 inf 
4584 	 244.00 	691.354809     505724 	 	0.020126 	0.000636 	 inf 
4592 	 248.00 	690.885040     507150 	 	0.020086 	0.000634 	 inf 
4600 	 252.00 	690.405680     506477 	 	0.020049 	0.000630 	 inf 
4608 	 256.00 	689.920085     507257 	 	0.020043 	0.000626 	 inf 
4616 	 260.00 	689.428829     508386 	 	0.020052 	0.000627 	 inf 
4624 	 264.00 	688.928771     510230 	 	0.019907 	0.000620 	 inf 
4632 	 268.00 	688.422514     511660 	 	0.019890 	0.000618 	 inf 
4640 	 272.00 	687.908372     508811 	 	0.019805 	0.000613 	 inf 
4648 	 276.00 	687.387166     509232 	 	0.019733 	0.000610 	 inf 
4656 	 280.00 	686.859563     508366 	 	0.019645 	0.000605 	 inf 
4664 	 284.00 	686.324381     505045 	 	0.019513 	0.000597 	 inf 
4672 	 288.00 	685.780854     501268 	 	0.019448 	0.000593 	 inf 
4680 	 292.00 	685.232725     502105 	 	0.019402 	0.000591 	 inf 
4688 	 296.00 	684.676410     501364 	 	0.019326 	0.000587 	 inf 
4696 	 300.00 	684.112688     500555 	 	0.019371 	0.000588 	 inf 
4704 	 304.00 	683.542142     503354 	 	0.019307 	0.000586 	 inf 
4712 	 308.00 	682.964405     504000 	 	0.019305 	0.000586 	 inf 
4720 	 312.00 	682.378464     507634 	 	0.019195 	0.000582 	 inf 
4728 	 316.00 	681.785013     509738 	 	0.019168 	0.000578 	 inf 
4736 	 320.00 	681.184797     508889 	 	0.019129 	0.000575 	 inf 
4744 	 324.00 	680.577957     508887 	 	0.019127 	0.000574 	 inf 
4752 	 328.00 	679.966030     508794 	 	0.019058 	0.000570 	 inf 
4760 	 332.00 	679.345379     507488 	 	0.018964 	0.000565 	 inf 
4768 	 336.00 	678.719606     506350 	 	0.018912 	0.000562 	 inf 
4776 	 340.00 	678.084259     505429 	 	0.018822 	0.000555 	 inf 
4784 	 344.00 	677.443684     506060 	 	0.018792 	0.000553 	 inf 
4792 	 348.00 	676.797429     505430 	 	0.018787 	0.000553 	 inf 
4800 	 352.00 	676.142985     504441 	 	0.018734 	0.000550 	 inf 
4808 	 356.00 	675.481400     505454 	 	0.018642 	0.000543 	 inf 
4816 	 360.00 	674.810794     509848 	 	0.018542 	0.000539 	 inf 
4824 	 364.00 	674.134519     509147 	 	0.018524 	0.000538 	 inf 
4832 	 368.00 	673.452865     513338 	 	0.018510 	0.000537 	 inf 
4840 	 372.00 	672.762312     515568 	 	0.018469 	0.000534 	 inf 
4848 	 376.00 	672.064954     515726 	 	0.018431 	0.000532 	 inf 
4856 	 380.00 	671.362145     514816 	 	0.018353 	0.000526 	 inf 
4864 	 384.00 	670.652718     517075 	 	0.018277 	0.000523 	 inf 
4872 	 388.00 	669.935862     519478 	 	0.018179 	0.000518 	 inf 
4880 	 392.00 	669.214623     520804 	 	0.018132 	0.000515 	 inf 
4888 	 396.00 	668.483670     522416 	 	0.018010 	0.000508 	 inf 
4896 	 400.00 	667.749390     524658 	 	0.017976 	0.000507 	 inf 
4904 	 404.00 	667.008237     524527 	 	0.017995 	0.000509 	 inf 
4912 	 408.00 	666.258736     526795 	 	0.017912 	0.000505 	 inf 
4920 	 412.00 	665.503639     526612 	 	0.017826 	0.000500 	 inf 
4928 	 416.00 	664.740732     525996 	 	0.017807 	0.000500 	 inf 
4936 	 420.00 	663.972821     525211 	 	0.017851 	0.000502 	 inf 
4944 	 424.00 	663.195529     526789 	 	0.017880 	0.000503 	 inf 
4952 	 428.00 	662.414584     525662 	 	0.017851 	0.000502 	 inf 
4960 	 432.00 	661.626367     525055 	 	0.017767 	0.000498 	 inf 
4968 	 436.00 	660.832653     524150 	 	0.017670 	0.000493 	 inf 
4976 	 440.00 	660.030386     524596 	 	0.017616 	0.000489 	 inf 
4984 	 444.00 	659.223826     517445 	 	0.017641 	0.000489 	 inf 
4992 	 448.00 	658.411706     516766 	 	0.017575 	0.000484 	 inf 
5000 	 452.00 	657.591779     513597 	 	0.017556 	0.000482 	 inf 
5008 	 456.00 	656.765986     512644 	 	0.017562 	0.000484 	 inf 
5016 	 460.00 	655.933533     511704 	 	0.017424 	0.000478 	 inf 
5024 	 464.00 	655.096457     509752 	 	0.017376 	0.000476 	 inf 
5032 	 468.00 	654.251806     507569 	 	0.017306 	0.000472 	 inf 
5040 	 472.00 	653.399194     506919 	 	0.017253 	0.000469 	 inf 
5048 	 476.00 	652.542325     506949 	 	0.017281 	0.000469 	 inf 
5056 	 480.00 	651.679768     503992 	 	0.017181 	0.000464 	 inf 
5064 	 484.00 	650.808110     507253 	 	0.017091 	0.000460 	 inf 
5072 	 488.00 	649.931352     507163 	 	0.017080 	0.000459 	 inf 
5080 	 492.00 	649.048203     509669 	 	0.017072 	0.000459 	 inf 
5088 	 496.00 	648.163057     505463 	 	0.017041 	0.000457 	 inf 
5096 	 500.00 	647.267394     508682 	 	0.017091 	0.000458 	 inf 
5104 	 504.00 	646.370373     507737 	 	0.016981 	0.000452 	 inf 
5112 	 508.00 	645.462522     513526 	 	0.016949 	0.000451 	 inf 
5120 	 512.00 	644.547885     514459 	 	0.016852 	0.000446 	 inf 
5128 	 516.00 	643.631415     511967 	 	0.016840 	0.000445 	 inf 
5136 	 520.00 	642.706491     510119 	 	0.016818 	0.000444 	 inf 
5144 	 524.00 	641.775111     511434 	 	0.016826 	0.000444 	 inf 
5152 	 528.00 	640.838779     507585 	 	0.016729 	0.000439 	 inf 
5160 	 532.00 	639.894861     509256 	 	0.016644 	0.000435 	 inf 
5168 	 536.00 	638.947568     508887 	 	0.016668 	0.000435 	 inf 
5176 	 540.00 	637.993077     508526 	 	0.016585 	0.000432 	 inf 
5184 	 544.00 	637.031853     509795 	 	0.016534 	0.000429 	 inf 
5192 	 548.00 	636.063300     510356 	 	0.016495 	0.000428 	 inf 
5200 	 552.00 	635.090962     510387 	 	0.016451 	0.000426 	 inf 
5208 	 556.00 	634.111925     515731 	 	0.016285 	0.000418 	 inf 
5216 	 560.00 	633.128976     514083 	 	0.016246 	0.000417 	 inf 
5224 	 564.00 	632.139771     513175 	 	0.016289 	0.000418 	 inf 
5232 	 568.00 	631.144611     513436 	 	0.016261 	0.000416 	 inf 
5240 	 572.00 	630.142513     519028 	 	0.016199 	0.000413 	 inf 
5248 	 576.00 	629.133942     521281 	 	0.016199 	0.000413 	 inf 
5256 	 580.00 	628.122172     517132 	 	0.016196 	0.000412 	 inf 
5264 	 584.00 	627.104144     518291 	 	0.016152 	0.000410 	 inf 
5272 	 588.00 	626.080294     519225 	 	0.016191 	0.000412 	 inf 
5280 	 592.00 	625.050385     518688 	 	0.016116 	0.000407 	 inf 
5288 	 596.00 	624.016601     520878 	 	0.016104 	0.000406 	 inf 
5296 	 600.00 	622.973743     522718 	 	0.016040 	0.000403 	 inf 
5304 	 604.00 	621.928239     522849 	 	0.015990 	0.000402 	 inf 
5312 	 608.00 	620.876373     526424 	 	0.015909 	0.000396 	 inf 
5320 	 612.00 	619.818629     524663 	 	0.015781 	0.000391 	 inf 
5328 	 616.00 	618.757516     524926 	 	0.015668 	0.000387 	 inf 
5336 	 620.00 	617.688605     524575 	 	0.015712 	0.000386 	 inf 
5344 	 624.00 	616.617257     519755 	 	0.015617 	0.000382 	 inf 
5352 	 628.00 	615.537671     518150 	 	0.015588 	0.000381 	 inf 
5360 	 632.00 	614.454678     516590 	 	0.015507 	0.000378 	 inf 
5368 	 636.00 	613.364270     516259 	 	0.015473 	0.000376 	 inf 
5376 	 640.00 	612.267605     511501 	 	0.015530 	0.000378 	 inf 
5384 	 644.00 	611.166336     513503 	 	0.015586 	0.000380 	 inf 
5392 	 648.00 	610.059234     513719 	 	0.015535 	0.000379 	 inf 
5400 	 652.00 	608.949132     514361 	 	0.015480 	0.000376 	 inf 
5408 	 656.00 	607.832889     515967 	 	0.015400 	0.000373 	 inf 
5416 	 660.00 	606.710861     513550 	 	0.015333 	0.000369 	 inf 
5424 	 664.00 	605.583408     512485 	 	0.015382 	0.000371 	 inf 
5432 	 668.00 	604.450914     513239 	 	0.015363 	0.000372 	 inf 
5440 	 672.00 	603.314687     510581 	 	0.015357 	0.000371 	 inf 
5448 	 676.00 	602.173125     510587 	 	0.015370 	0.000372 	 inf 
5456 	 680.00 	601.024939     513325 	 	0.015310 	0.000369 	 inf 
5464 	 684.00 	599.871677     509359 	 	0.015288 	0.000367 	 inf 
5472 	 688.00 	598.713147     511168 	 	0.015219 	0.000365 	 inf 
5480 	 692.00 	597.548539     508575 	 	0.015117 	0.000360 	 inf 
5488 	 696.00 	596.381776     504406 	 	0.015100 	0.000359 	 inf 
5496 	 700.00 	595.207147     504750 	 	0.015009 	0.000356 	 inf 
5504 	 704.00 	594.029118     504646 	 	0.015084 	0.000358 	 inf 
5512 	 708.00 	592.845835     503896 	 	0.015041 	0.000355 	 inf 
5520 	 712.00 	591.656330     498837 	 	0.014982 	0.000355 	 inf 
5528 	 716.00 	590.463128     500829 	 	0.014915 	0.000350 	 inf 
5536 	 720.00 	589.261368     500772 	 	0.014891 	0.000349 	 inf 
5544 	 724.00 	588.056360     503366 	 	0.014899 	0.000348 	 inf 
5552 	 728.00 	586.847744     501520 	 	0.014884 	0.000347 	 inf 
5560 	 732.00 	585.636058     502763 	 	0.014767 	0.000343 	 inf 
5568 	 736.00 	584.418803     501068 	 	0.014775 	0.000344 	 inf 
5576 	 740.00 	583.197218     500218 	 	0.014770 	0.000345 	 inf 
5584 	 744.00 	581.970567     497072 	 	0.014729 	0.000344 	 inf 
5592 	 748.00 	580.738191     499838 	 	0.014622 	0.000339 	 inf 
5600 	 752.00 	579.503935     497266 	 	0.014597 	0.000337 	 inf 
5608 	 756.00 	578.261166     497685 	 	0.014567 	0.000336 	 inf 
5616 	 760.00 	577.016208     495293 	 	0.014549 	0.000333 	 inf 
5624 	 764.00 	575.763465     495852 	 	0.014327 	0.000325 	 inf 
5632 	 768.00 	574.509012     489967 	 	0.014393 	0.000328 	 inf 
5640 	 772.00 	573.249590     490536 	 	0.014390 	0.000327 	 inf 
5648 	 776.00 	571.984869     493090 	 	0.014309 	0.000323 	 inf 
5656 	 780.00 	570.713865     493780 	 	0.014293 	0.000323 	 inf 
5664 	 784.00 	569.439628     488978 	 	0.014314 	0.000323 	 inf 
5672 	 788.00 	568.162310     487454 	 	0.014330 	0.000324 	 inf 
5680 	 792.00 	566.880137     486951 	 	0.014251 	0.000321 	 inf 
5688 	 796.00 	565.591034     486132 	 	0.014235 	0.000318 	 inf 
5696 	 800.00 	564.297961     486992 	 	0.014193 	0.000318 	 inf 
5704 	 804.00 	563.000499     485197 	 	0.014208 	0.000318 	 inf 
5712 	 808.00 	561.700399     481344 	 	0.014262 	0.000321 	 inf 
5720 	 812.00 	560.393743     478058 	 	0.014180 	0.000317 	 inf 
5728 	 816.00 	559.082645     481343 	 	0.014065 	0.000312 	 inf 
5736 	 820.00 	557.767258     481962 	 	0.014035 	0.000311 	 inf 
5744 	 824.00 	556.449318     480938 	 	0.013974 	0.000308 	 inf 
5752 	 828.00 	555.124396     486156 	 	0.013902 	0.000305 	 inf 
5760 	 832.00 	553.796382     484108 	 	0.013950 	0.000308 	 inf 
5768 	 836.00 	552.465335     487425 	 	0.013874 	0.000305 	 inf 
5776 	 840.00 	551.127466     486486 	 	0.013964 	0.000307 	 inf 
5784 	 844.00 	549.786347     482422 	 	0.013928 	0.000305 	 inf 
5792 	 848.00 	548.442906     481776 	 	0.013850 	0.000302 	 inf 
5800 	 852.00 	547.093991     480572 	 	0.013829 	0.000301 	 inf 
5808 	 856.00 	545.740550     484262 	 	0.013764 	0.000299 	 inf 
5816 	 860.00 	544.383022     480744 	 	0.013854 	0.000301 	 inf 
5824 	 864.00 	543.018739     478164 	 	0.013789 	0.000299 	 inf 
5832 	 868.00 	541.648697     478549 	 	0.013810 	0.000300 	 inf 
5840 	 872.00 	540.279119     480388 	 	0.013781 	0.000298 	 inf 
5848 	 876.00 	538.905021     481017 	 	0.013720 	0.000295 	 inf 
5856 	 880.00 	537.529763     474646 	 	0.013729 	0.000295 	 inf 
5864 	 884.00 	536.142406     476753 	 	0.013698 	0.000294 	 inf 
5872 	 888.00 	534.752266     473210 	 	0.013613 	0.000291 	 inf 
5880 	 892.00 	533.360839     474181 	 	0.013554 	0.000289 	 inf 
5888 	 896.00 	531.964465     481842 	 	0.013543 	0.000290 	 inf 
5896 	 900.00 	530.560690     482536 	 	0.013357 	0.000281 	 inf 
5904 	 904.00 	529.157338     488697 	 	0.013392 	0.000282 	 inf 
5912 	 908.00 	527.747703     490162 	 	0.013266 	0.000277 	 inf 
5920 	 912.00 	526.334621     491343 	 	0.013186 	0.000274 	 inf 
5928 	 916.00 	524.921181     487196 	 	0.013237 	0.000276 	 inf 
5936 	 920.00 	523.501334     485006 	 	0.013261 	0.000276 	 inf 
5944 	 924.00 	522.076926     481709 	 	0.013268 	0.000276 	 inf 
5952 	 928.00 	520.647732     486612 	 	0.013219 	0.000275 	 inf 
5960 	 932.00 	519.217287     487356 	 	0.013183 	0.000273 	 inf 
5968 	 936.00 	517.781447     490948 	 	0.013271 	0.000277 	 inf 
5976 	 940.00 	516.346821     487914 	 	0.013264 	0.000277 	 inf 
5984 	 944.00 	514.906658     484736 	 	0.013268 	0.000276 	 inf 
5992 	 948.00 	513.462213     485608 	 	0.013226 	0.000274 	 inf 
6000 	 952.00 	512.011775     488548 	 	0.013136 	0.000270 	 inf 
6008 	 956.00 	510.557782     492530 	 	0.013105 	0.000269 	 inf 
6016 	 960.00 	509.103991     494599 	 	0.013195 	0.000272 	 inf 
6024 	 964.00 	507.641497     494437 	 	0.013131 	0.000271 	 inf 
6032 	 968.00 	506.177858     489982 	 	0.013115 	0.000272 	 inf 
6040 	 972.00 	504.710543     489964 	 	0.013086 	0.000270 	 inf 
6048 	 976.00 	503.239065     486265 	 	0.012970 	0.000265 	 inf 
6056 	 980.00 	501.761838     488891 	 	0.012904 	0.000263 	 inf 
6064 	 984.00 	500.280385     486676 	 	0.012857 	0.000260 	 inf 
6072 	 988.00 	498.795169     489248 	 	0.012814 	0.000258 	 inf 
6080 	 992.00 	497.309214     490670 	 	0.012759 	0.000257 	 inf 
6088 	 996.00 	495.818849     490682 	 	0.012648 	0.000251 	 inf 
6096 	 1000.00 	494.325539     494411 	 	0.012734 	0.000255 	 inf 
6104 	 1004.00 	492.825928     496592 	 	0.012743 	0.000255 	 inf 
6112 	 1008.00 	491.326110     497273 	 	0.012662 	0.000252 	 inf 
6120 	 1012.00 	489.820463     502517 	 	0.012686 	0.000253 	 inf 
6128 	 1016.00 	488.311092     498646 	 	0.012736 	0.000254 	 inf 
6136 	 1020.00 	486.796524     498951 	 	0.012677 	0.000252 	 inf 
6144 	 1024.00 	485.280131     501281 	 	0.012683 	0.000252 	 inf 
6152 	 1028.00 	483.764492     503714 	 	0.012695 	0.000253 	 inf 
6160 	 1032.00 	482.241186     500949 	 	0.012610 	0.000250 	 inf 
6168 	 1036.00 	480.715380     501368 	 	0.012591 	0.000249 	 inf 
6176 	 1040.00 	479.185133     503262 	 	0.012650 	0.000251 	 inf 
6184 	 1044.00 	477.655937     500946 	 	0.012539 	0.000247 	 inf 
6192 	 1048.00 	476.119497     502074 	 	0.012499 	0.000245 	 inf 
6200 	 1052.00 	474.579338     502804 	 	0.012452 	0.000243 	 inf 
6208 	 1056.00 	473.034116     500684 	 	0.012428 	0.000243 	 inf 
6216 	 1060.00 	471.484927     501320 	 	0.012387 	0.000242 	 inf 
6224 	 1064.00 	469.934086     506013 	 	0.012364 	0.000241 	 inf 
6232 	 1068.00 	468.381993     503762 	 	0.012483 	0.000246 	 inf 
6240 	 1072.00 	466.829064     502808 	 	0.012371 	0.000241 	 inf 
6248 	 1076.00 	465.269650     508334 	 	0.012431 	0.000243 	 inf 
6256 	 1080.00 	463.706858     504867 	 	0.012332 	0.000240 	 inf 
6264 	 1084.00 	462.142209     503853 	 	0.012263 	0.000238 	 inf 
6272 	 1088.00 	460.575828     506545 	 	0.012211 	0.000236 	 inf 
6280 	 1092.00 	459.005508     504749 	 	0.012221 	0.000236 	 inf 
6288 	 1096.00 	457.429795     510153 	 	0.012268 	0.000238 	 inf 
6296 	 1100.00 	455.855576     506355 	 	0.012189 	0.000235 	 inf 
6304 	 1104.00 	454.275648     509565 	 	0.012165 	0.000235 	 inf 
6312 	 1108.00 	452.694802     508352 	 	0.012104 	0.000232 	 inf 
6320 	 1112.00 	451.109491     508126 	 	0.012049 	0.000230 	 inf 
6328 	 1116.00 	449.521628     512428 	 	0.012017 	0.000229 	 inf 
6336 	 1120.00 	447.931137     514575 	 	0.011984 	0.000228 	 inf 
6344 	 1124.00 	446.336678     514214 	 	0.011907 	0.000225 	 inf 
6352 	 1128.00 	444.739425     513326 	 	0.011899 	0.000224 	 inf 
6360 	 1132.00 	443.137824     513642 	 	0.011909 	0.000225 	 inf 
6368 	 1136.00 	441.539434     508593 	 	0.011970 	0.000226 	 inf 
6376 	 1140.00 	439.932466     509735 	 	0.011857 	0.000222 	 inf 
6384 	 1144.00 	438.320683     511322 	 	0.011848 	0.000220 	 inf 
6392 	 1148.00 	436.709629     513034 	 	0.011787 	0.000218 	 inf 
6400 	 1152.00 	435.095610     511824 	 	0.011890 	0.000222 	 inf 
6408 	 1156.00 	433.475561     514662 	 	0.011774 	0.000218 	 inf 
6416 	 1160.00 	431.857661     516953 	 	0.011796 	0.000219 	 inf 
6424 	 1164.00 	430.235416     514369 	 	0.011741 	0.000217 	 inf 
6432 	 1168.00 	428.607179     515340 	 	0.011823 	0.000219 	 inf 
6440 	 1172.00 	426.976677     509548 	 	0.011828 	0.000219 	 inf 
6448 	 1176.00 	425.342773     514689 	 	0.011766 	0.000217 	 inf 
6456 	 1180.00 	423.706061     518018 	 	0.011688 	0.000215 	 inf 
6464 	 1184.00 	422.067061     520099 	 	0.011623 	0.000212 	 inf 
6472 	 1188.00 	420.431573     513472 	 	0.011568 	0.000210 	 inf 
6480 	 1192.00 	418.788493     515399 	 	0.011594 	0.000211 	 inf 
6488 	 1196.00 	417.143761     511644 	 	0.011511 	0.000208 	 inf 
6496 	 1200.00 	415.497266     513632 	 	0.011403 	0.000205 	 inf 
6504 	 1204.00 	413.847696     512129 	 	0.011296 	0.000202 	 inf 
6512 	 1208.00 	412.197544     508754 	 	0.011292 	0.000201 	 inf 
6520 	 1212.00 	410.541976     506562 	 	0.011388 	0.000204 	 inf 
6528 	 1216.00 	408.884426     508737 	 	0.011251 	0.000199 	 inf 
6536 	 1220.00 	407.224437     507622 	 	0.011361 	0.000202 	 inf 
6544 	 1224.00 	405.565468     506552 	 	0.011266 	0.000199 	 inf 
6552 	 1228.00 	403.900458     505685 	 	0.011228 	0.000197 	 inf 
6560 	 1232.00 	402.237355     503478 	 	0.011229 	0.000198 	 inf 
6568 	 1236.00 	400.570067     502392 	 	0.011261 	0.000198 	 inf 
6576 	 1240.00 	398.896361     500487 	 	0.011216 	0.000197 	 inf 
6584 	 1244.00 	397.223466     496705 	 	0.011206 	0.000196 	 inf 
6592 	 1248.00 	395.547588     497861 	 	0.011104 	0.000193 	 inf 
6600 	 1252.00 	393.868534     490073 	 	0.011094 	0.000193 	 inf 
6608 	 1256.00 	392.185714     489511 	 	0.011082 	0.000193 	 inf 
6616 	 1260.00 	390.505641     489590 	 	0.011069 	0.000192 	 inf 
6624 	 1264.00 	388.822183     485313 	 	0.011002 	0.000191 	 inf 
6632 	 1268.00 	387.139762     477563 	 	0.010928 	0.000187 	 inf 
6640 	 1272.00 	385.451784     478600 	 	0.010958 	0.000189 	 inf 
6648 	 1276.00 	383.764916     477423 	 	0.010836 	0.000186 	 inf 
6656 	 1280.00 	382.069307     473110 	 	0.010846 	0.000185 	 inf 
6664 	 1284.00 	380.377134     473354 	 	0.010872 	0.000187 	 inf 
6672 	 1288.00 	378.681360     472029 	 	0.010800 	0.000184 	 inf 
6680 	 1292.00 	376.979977     470069 	 	0.010782 	0.000183 	 inf 
6688 	 1296.00 	375.280834     468367 	 	0.010851 	0.000186 	 inf 
6696 	 1300.00 	373.580870     458739 	 	0.010835 	0.000184 	 inf 
6704 	 1304.00 	371.876164     465498 	 	0.010763 	0.000182 	 inf 
6712 	 1308.00 	370.170915     462934 	 	0.010838 	0.000185 	 inf 
6720 	 1312.00 	368.466378     466096 	 	0.010739 	0.000182 	 inf 
6728 	 1316.00 	366.758130     462421 	 	0.010693 	0.000180 	 inf 
6736 	 1320.00 	365.051112     463253 	 	0.010707 	0.000180 	 inf 
6744 	 1324.00 	363.337277     457075 	 	0.010714 	0.000180 	 inf 
6752 	 1328.00 	361.629491     453233 	 	0.010709 	0.000180 	 inf 
6760 	 1332.00 	359.913680     451713 	 	0.010609 	0.000178 	 inf 
6768 	 1336.00 	358.198358     448933 	 	0.010627 	0.000178 	 inf 
6776 	 1340.00 	356.482813     447679 	 	0.010660 	0.000179 	 inf 
6784 	 1344.00 	354.763830     444990 	 	0.010588 	0.000177 	 inf 
6792 	 1348.00 	353.043750     445983 	 	0.010512 	0.000174 	 inf 
6800 	 1352.00 	351.320605     442649 	 	0.010471 	0.000174 	 inf 
6808 	 1356.00 	349.602489     441381 	 	0.010492 	0.000174 	 inf 
6816 	 1360.00 	347.878203     439505 	 	0.010493 	0.000173 	 inf 
6824 	 1364.00 	346.154575     438483 	 	0.010451 	0.000172 	 inf 
6832 	 1368.00 	344.425015     437481 	 	0.010399 	0.000170 	 inf 
6840 	 1372.00 	342.697348     434395 	 	0.010422 	0.000171 	 inf 
6848 	 1376.00 	340.968246     431049 	 	0.010386 	0.000170 	 inf 
6856 	 1380.00 	339.242511     426241 	 	0.010284 	0.000167 	 inf 
6864 	 1384.00 	337.513274     423559 	 	0.010245 	0.000167 	 inf 
6872 	 1388.00 	335.777131     420693 	 	0.010344 	0.000169 	 inf 
6880 	 1392.00 	334.044116     422816 	 	0.010331 	0.000168 	 inf 
6888 	 1396.00 	332.308432     418368 	 	0.010203 	0.000165 	 inf 
6896 	 1400.00 	330.574031     417700 	 	0.010261 	0.000165 	 inf 
6904 	 1404.00 	328.837728     424361 	 	0.010304 	0.000166 	 inf 
6912 	 1408.00 	327.097401     420045 	 	0.010221 	0.000165 	 inf 
6920 	 1412.00 	325.361281     423428 	 	0.010250 	0.000166 	 inf 
6928 	 1416.00 	323.618125     417789 	 	0.010188 	0.000165 	 inf 
6936 	 1420.00 	321.876833     420748 	 	0.010106 	0.000162 	 inf 
6944 	 1424.00 	320.134244     417863 	 	0.010137 	0.000163 	 inf 
6952 	 1428.00 	318.389162     417837 	 	0.010085 	0.000161 	 inf 
6960 	 1432.00 	316.646450     413967 	 	0.010028 	0.000160 	 inf 
6968 	 1436.00 	314.899062     415012 	 	0.009899 	0.000155 	 inf 
6976 	 1440.00 	313.157461     419970 	 	0.009875 	0.000155 	 inf 
6984 	 1444.00 	311.404444     423456 	 	0.009839 	0.000153 	 inf 
6992 	 1448.00 	309.658590     421254 	 	0.009962 	0.000157 	 inf 
7000 	 1452.00 	307.906726     415980 	 	0.009983 	0.000157 	 inf 
7008 	 1456.00 	306.158238     423724 	 	0.009918 	0.000155 	 inf 
7016 	 1460.00 	304.403171     419792 	 	0.009898 	0.000154 	 inf 
7024 	 1464.00 	302.644257     422006 	 	0.009844 	0.000153 	 inf 
7032 	 1468.00 	300.894292     418540 	 	0.009851 	0.000154 	 inf 
7040 	 1472.00 	299.134339     414108 	 	0.009869 	0.000153 	 inf 
7048 	 1476.00 	297.374921     410390 	 	0.009819 	0.000152 	 inf 
7056 	 1480.00 	295.609252     417454 	 	0.009868 	0.000153 	 inf 
7064 	 1484.00 	293.847185     416297 	 	0.009779 	0.000151 	 inf 
7072 	 1488.00 	292.082732     418416 	 	0.009778 	0.000150 	 inf 
7080 	 1492.00 	290.319460     419164 	 	0.009719 	0.000149 	 inf 
7088 	 1496.00 	288.557198     418827 	 	0.009649 	0.000146 	 inf 
7096 	 1500.00 	286.787163     423808 	 	0.009539 	0.000144 	 inf 
7104 	 1504.00 	285.022081     421276 	 	0.009716 	0.000149 	 inf 
7112 	 1508.00 	283.247628     422693 	 	0.009629 	0.000145 	 inf 
7120 	 1512.00 	281.475989     421266 	 	0.009570 	0.000145 	 inf 
7128 	 1516.00 	279.701632     412688 	 	0.009674 	0.000148 	 inf 
7136 	 1520.00 	277.925502     415596 	 	0.009604 	0.000145 	 inf 
7144 	 1524.00 	276.147302     411014 	 	0.009647 	0.000146 	 inf 
7152 	 1528.00 	274.363877     416372 	 	0.009544 	0.000143 	 inf 
7160 	 1532.00 	272.584562     414606 	 	0.009538 	0.000143 	 inf 
7168 	 1536.00 	270.803603     414122 	 	0.009587 	0.000144 	 inf 
7176 	 1540.00 	269.021088     414110 	 	0.009535 	0.000143 	 inf 
7184 	 1544.00 	267.230148     420698 	 	0.009490 	0.000142 	 inf 
7192 	 1548.00 	265.440377     424270 	 	0.009375 	0.000139 	 inf 
7200 	 1552.00 	263.647279     425447 	 	0.009414 	0.000140 	 inf 
7208 	 1556.00 	261.851184     419531 	 	0.009350 	0.000138 	 inf 
7216 	 1560.00 	260.058297     426463 	 	0.009403 	0.000139 	 inf 
7224 	 1564.00 	258.257644     428075 	 	0.009309 	0.000137 	 inf 
7232 	 1568.00 	256.456558     429933 	 	0.009279 	0.000136 	 inf 
7240 	 1572.00 	254.655057     428109 	 	0.009211 	0.000134 	 inf 
7248 	 1576.00 	252.849554     426335 	 	0.009151 	0.000132 	 inf 
7256 	 1580.00 	251.046741     431781 	 	0.009158 	0.000132 	 inf 
7264 	 1584.00 	249.234550     427866 	 	0.009110 	0.000131 	 inf 
7272 	 1588.00 	247.426492     427729 	 	0.009117 	0.000131 	 inf 
7280 	 1592.00 	245.612490     428807 	 	0.009021 	0.000129 	 inf 
7288 	 1596.00 	243.796058     428200 	 	0.008987 	0.000127 	 inf 
7296 	 1600.00 	241.975427     429768 	 	0.008993 	0.000128 	 inf 
7304 	 1604.00 	240.155101     422808 	 	0.008830 	0.000123 	 inf 
7312 	 1608.00 	238.333886     425141 	 	0.008779 	0.000122 	 inf 
7320 	 1612.00 	236.507115     425417 	 	0.008766 	0.000122 	 inf 
7328 	 1616.00 	234.679663     424006 	 	0.008728 	0.000120 	 inf 
7336 	 1620.00 	232.844813     424327 	 	0.008724 	0.000121 	 inf 
7344 	 1624.00 	231.009846     426485 	 	0.008723 	0.000121 	 inf 
7352 	 1628.00 	229.176424     424896 	 	0.008755 	0.000122 	 inf 
7360 	 1632.00 	227.338561     421193 	 	0.008728 	0.000121 	 inf 
7368 	 1636.00 	225.496481     421824 	 	0.008839 	0.000123 	 inf 
7376 	 1640.00 	223.653558     422787 	 	0.008630 	0.000118 	 inf 
7384 	 1644.00 	221.807677     421759 	 	0.008640 	0.000118 	 inf 
7392 	 1648.00 	219.954429     423595 	 	0.008635 	0.000118 	 inf 
7400 	 1652.00 	218.103847     424727 	 	0.008657 	0.000118 	 inf 
7408 	 1656.00 	216.246563     421694 	 	0.008591 	0.000116 	 inf 
7416 	 1660.00 	214.388029     419098 	 	0.008550 	0.000114 	 inf 
7424 	 1664.00 	212.524961     420975 	 	0.008424 	0.000112 	 inf 
7432 	 1668.00 	210.655669     424798 	 	0.008349 	0.000110 	 inf 
7440 	 1672.00 	208.782755     420415 	 	0.008306 	0.000109 	 inf 
7448 	 1676.00 	206.911801     425691 	 	0.008293 	0.000108 	 inf 
7456 	 1680.00 	205.035847     425720 	 	0.008254 	0.000107 	 inf 
7464 	 1684.00 	203.158467     421923 	 	0.008180 	0.000106 	 inf 
7472 	 1688.00 	201.274774     422494 	 	0.008137 	0.000105 	 inf 
7480 	 1692.00 	199.386784     423865 	 	0.008060 	0.000103 	 inf 
7488 	 1696.00 	197.491429     428142 	 	0.008093 	0.000104 	 inf 
7496 	 1700.00 	195.595663     432179 	 	0.008052 	0.000102 	 inf 
7504 	 1704.00 	193.701687     432477 	 	0.008067 	0.000103 	 inf 
7512 	 1708.00 	191.799055     433135 	 	0.007955 	0.000100 	 inf 
7520 	 1712.00 	189.896321     432733 	 	0.007902 	0.000099 	 inf 
7528 	 1716.00 	187.988621     432260 	 	0.007770 	0.000096 	 inf 
7536 	 1720.00 	186.078009     428561 	 	0.007812 	0.000096 	 inf 
7544 	 1724.00 	184.159175     432604 	 	0.007754 	0.000096 	 inf 
7552 	 1728.00 	182.240108     438484 	 	0.007710 	0.000094 	 inf 
7560 	 1732.00 	180.317772     436175 	 	0.007665 	0.000094 	 inf 
7568 	 1736.00 	178.387778     445657 	 	0.007677 	0.000093 	 inf 
7576 	 1740.00 	176.456405     444820 	 	0.007606 	0.000092 	 inf 
7584 	 1744.00 	174.521547     450029 	 	0.007687 	0.000093 	 inf 
7592 	 1748.00 	172.579012     453507 	 	0.007631 	0.000092 	 inf 
7600 	 1752.00 	170.634290     451938 	 	0.007633 	0.000091 	 inf 
7608 	 1756.00 	168.689478     457629 	 	0.007501 	0.000089 	 inf 
7616 	 1760.00 	166.735074     457525 	 	0.007499 	0.000089 	 inf 
7624 	 1764.00 	164.778141     457451 	 	0.007381 	0.000086 	 inf 
7632 	 1768.00 	162.817848     450728 	 	0.007341 	0.000085 	 inf 
7640 	 1772.00 	160.850725     449392 	 	0.007345 	0.000085 	 inf 
7648 	 1776.00 	158.877541     449116 	 	0.007232 	0.000082 	 inf 
7656 	 1780.00 	156.899716     453369 	 	0.007231 	0.000082 	 inf 
7664 	 1784.00 	154.916326     449855 	 	0.007235 	0.000082 	 inf 
7672 	 1788.00 	152.930723     454125 	 	0.007152 	0.000080 	 inf 
7680 	 1792.00 	150.936375     451014 	 	0.007047 	0.000078 	 inf 
7688 	 1796.00 	148.940907     454645 	 	0.006985 	0.000077 	 inf 
7696 	 1800.00 	146.930935     459260 	 	0.006936 	0.000076 	 inf 
7704 	 1804.00 	144.919320     462445 	 	0.006967 	0.000077 	 inf 
7712 	 1808.00 	142.903161     465046 	 	0.006859 	0.000075 	 inf 
7720 	 1812.00 	140.880250     473040 	 	0.006880 	0.000075 	 inf 
7728 	 1816.00 	138.852906     468955 	 	0.006754 	0.000073 	 inf 
7736 	 1820.00 	136.816106     467820 	 	0.006782 	0.000073 	 inf 
7744 	 1824.00 	134.776544     470758 	 	0.006822 	0.000074 	 inf 
7752 	 1828.00 	132.727692     474183 	 	0.006749 	0.000072 	 inf 
7760 	 1832.00 	130.675358     463481 	 	0.006693 	0.000071 	 inf 
7768 	 1836.00 	128.613753     475740 	 	0.006549 	0.000068 	 inf 
7776 	 1840.00 	126.551209     472799 	 	0.006410 	0.000066 	 inf 
7784 	 1844.00 	124.480087     476657 	 	0.006358 	0.000065 	 inf 
7792 	 1848.00 	122.403344     472100 	 	0.006321 	0.000064 	 inf 
7800 	 1852.00 	120.309971     475003 	 	0.006354 	0.000065 	 inf 
7808 	 1856.00 	118.219565     475396 	 	0.006383 	0.000065 	 inf 
7816 	 1860.00 	116.112909     477937 	 	0.006247 	0.000062 	 inf 
7824 	 1864.00 	114.013531     461159 	 	0.006240 	0.000062 	 inf 
7832 	 1868.00 	111.888905     467231 	 	0.006152 	0.000060 	 inf 
7840 	 1872.00 	109.767530     468011 	 	0.006016 	0.000058 	 inf 
7848 	 1876.00 	107.630535     470989 	 	0.006099 	0.000060 	 inf 
7856 	 1880.00 	105.483746     469109 	 	0.005945 	0.000056 	 inf 
7864 	 1884.00 	103.336131     467738 	 	0.005934 	0.000055 	 inf 
7872 	 1888.00 	101.171019     466621 	 	0.005864 	0.000054 	 inf 
7880 	 1892.00 	98.999876     462973 	 	0.005822 	0.000053 	 inf 
7888 	 1896.00 	96.819982     481276 	 	0.005669 	0.000051 	 inf 
7896 	 1900.00 	94.621373     478657 	 	0.005674 	0.000051 	 inf 
7904 	 1904.00 	92.420325     484543 	 	0.005648 	0.000050 	 inf 
7912 	 1908.00 	90.199589     484299 	 	0.005504 	0.000048 	 inf 
7920 	 1912.00 	87.979763     469894 	 	0.005504 	0.000048 	 inf 
7928 	 1916.00 	85.739952     469153 	 	0.005453 	0.000047 	 inf 
7936 	 1920.00 	83.501067     466873 	 	0.005334 	0.000045 	 inf 
7944 	 1924.00 	81.238075     466145 	 	0.005260 	0.000044 	 inf 
7952 	 1928.00 	78.970933     467467 	 	0.005120 	0.000042 	 inf 
7960 	 1932.00 	76.676571     471813 	 	0.005023 	0.000040 	 inf 
7968 	 1936.00 	74.377935     464666 	 	0.004996 	0.000039 	 inf 
7976 	 1940.00 	72.063053     461736 	 	0.004927 	0.000038 	 inf 
7984 	 1944.00 	69.732085     468882 	 	0.004868 	0.000038 	 inf 
7992 	 1948.00 	67.393982     465981 	 	0.004810 	0.000037 	 inf 
8000 	 1952.00 	65.052656     463374 	 	0.004808 	0.000036 	 inf 
8008 	 1956.00 	62.663206     473123 	 	0.004578 	0.000033 	 inf 
8016 	 1960.00 	60.293832     476097 	 	0.004600 	0.000033 	 inf 
8024 	 1964.00 	57.855697     474743 	 	0.004470 	0.000031 	 inf 
8032 	 1968.00 	55.467745     495433 	 	0.004259 	0.000029 	 inf 
8040 	 1972.00 	52.968368     487484 	 	0.004165 	0.000028 	 inf 
8048 	 1976.00 	50.572386     503973 	 	0.004191 	0.000028 	 inf 
8056 	 1980.00 	47.987826     501278 	 	0.004054 	0.000025 	 inf 
8064 	 1984.00 	45.598500     500551 	 	0.004034 	0.000026 	 inf 
8072 	 1988.00 	42.907088     514758 	 	0.003620 	0.000022 	 inf 
8080 	 1992.00 	40.528594     521280 	 	0.003768 	0.000023 	 inf 
8088 	 1996.00 	37.679976     511342 	 	0.003498 	0.000018 	 inf 
8096 	 2000.00 	35.373891     505174 	 	0.003450 	0.000020 	 inf 
8104 	 2004.00 	32.305830     508395 	 	0.002912 	0.000015 	 inf 
8112 	 2008.00 	30.107470     485993 	 	0.003362 	0.000017 	 inf 
8120 	 2012.00 	26.711784     514362 	 	0.002842 	0.000011 	 inf 
8128 	 2016.00 	24.682039     488864 	 	0.002936 	0.000015 	 inf 
8136 	 2020.00 	20.856321     510121 	 	0.002038 	0.000008 	 inf 
8144 	 2024.00 	19.087181     503230 	 	0.002876 	0.000011 	 inf 
8152 	 2028.00 	14.627193     494500 	 	0.001936 	0.000004 	 inf 
8160 	 2032.00 	13.242818     500927 	 	0.001972 	0.000008 	 inf 
8168 	 2036.00 	7.677978     502904 	 	0.000000 	0.000000 	-nan 
8176 	 2040.00 	7.002625     512052 	 	0.001953 	0.000004 	 inf 
8192 	 2048.00 	0.027839     425223 	 	0.000000 	0.000000 	-nan 
