#i 	E(i) 	 	log[g(E)] 	  H(E) 	 	<M> 	 	<M^2> 	 	<M^4>
#----------------------------------------------------------------------------------------------------
0 	 -392.00 	0.000000      35712 	 	1.000000 	1.000000 	1.000000 
16 	 -384.00 	5.293491      45091 	 	0.989796 	0.979696 	0.959804 
24 	 -380.00 	5.977977      45774 	 	0.979592 	0.959600 	0.920832 
32 	 -376.00 	9.920674      47432 	 	0.978896 	0.958246 	0.918266 
40 	 -372.00 	11.304011      49171 	 	0.968562 	0.938125 	0.880130 
48 	 -368.00 	14.232688      46742 	 	0.966290 	0.933753 	0.872033 
56 	 -364.00 	15.947590      46976 	 	0.956355 	0.914666 	0.836796 
64 	 -360.00 	18.409283      46334 	 	0.952783 	0.907873 	0.824512 
72 	 -356.00 	20.271771      50398 	 	0.942444 	0.888307 	0.789462 
80 	 -352.00 	22.444342      49697 	 	0.937132 	0.878373 	0.772074 
88 	 -348.00 	24.352708      51391 	 	0.927662 	0.860771 	0.741634 
96 	 -344.00 	26.393485      49769 	 	0.920589 	0.847779 	0.719692 
104 	 -340.00 	28.317155      49472 	 	0.910307 	0.829146 	0.689006 
112 	 -336.00 	30.253526      51995 	 	0.903845 	0.817471 	0.669903 
120 	 -332.00 	32.152017      52011 	 	0.893685 	0.799322 	0.640867 
128 	 -328.00 	34.037785      55000 	 	0.884483 	0.783069 	0.615430 
136 	 -324.00 	35.896792      56756 	 	0.873523 	0.764037 	0.586588 
144 	 -320.00 	37.737413      56096 	 	0.864509 	0.748509 	0.563412 
152 	 -316.00 	39.567531      54676 	 	0.853535 	0.730056 	0.536993 
160 	 -312.00 	41.390065      57596 	 	0.843150 	0.712640 	0.512295 
168 	 -308.00 	43.212724      53856 	 	0.830844 	0.692524 	0.484993 
176 	 -304.00 	44.992266      53420 	 	0.818786 	0.672944 	0.458816 
184 	 -300.00 	46.765187      55537 	 	0.808873 	0.656927 	0.437667 
192 	 -296.00 	48.524290      55838 	 	0.793959 	0.634452 	0.410598 
200 	 -292.00 	50.290728      57078 	 	0.782895 	0.617272 	0.389550 
208 	 -288.00 	52.036420      56139 	 	0.765326 	0.591159 	0.359605 
216 	 -284.00 	53.778276      57033 	 	0.749352 	0.568400 	0.334832 
224 	 -280.00 	55.513961      56817 	 	0.727987 	0.538755 	0.303868 
232 	 -276.00 	57.234739      57749 	 	0.708820 	0.513608 	0.279309 
240 	 -272.00 	58.949818      57553 	 	0.687783 	0.486331 	0.253935 
248 	 -268.00 	60.664232      57824 	 	0.665760 	0.459503 	0.230620 
256 	 -264.00 	62.370206      57074 	 	0.647731 	0.436818 	0.210731 
264 	 -260.00 	64.076827      57182 	 	0.628327 	0.413780 	0.191687 
272 	 -256.00 	65.770662      56345 	 	0.599931 	0.382649 	0.169004 
280 	 -252.00 	67.464505      56439 	 	0.577974 	0.359487 	0.152110 
288 	 -248.00 	69.145911      57486 	 	0.550344 	0.332582 	0.134617 
296 	 -244.00 	70.824301      58501 	 	0.522928 	0.305495 	0.117732 
304 	 -240.00 	72.494863      56230 	 	0.502179 	0.283904 	0.103722 
312 	 -236.00 	74.156765      55707 	 	0.474656 	0.258431 	0.089749 
320 	 -232.00 	75.810062      55906 	 	0.444634 	0.232113 	0.075603 
328 	 -228.00 	77.448694      57504 	 	0.415785 	0.208326 	0.064239 
336 	 -224.00 	79.085845      58493 	 	0.398505 	0.193392 	0.056606 
344 	 -220.00 	80.706841      59809 	 	0.375992 	0.174477 	0.047597 
352 	 -216.00 	82.322970      58789 	 	0.358783 	0.161457 	0.042075 
360 	 -212.00 	83.923581      57686 	 	0.342462 	0.148481 	0.036682 
368 	 -208.00 	85.512673      56535 	 	0.327262 	0.137528 	0.032313 
376 	 -204.00 	87.080190      55545 	 	0.314279 	0.127674 	0.028381 
384 	 -200.00 	88.637231      54076 	 	0.297245 	0.115630 	0.023947 
392 	 -196.00 	90.173261      52896 	 	0.280724 	0.104170 	0.019980 
400 	 -192.00 	91.695320      52475 	 	0.265644 	0.094740 	0.017159 
408 	 -188.00 	93.189428      50424 	 	0.254225 	0.087004 	0.014556 
416 	 -184.00 	94.668812      51365 	 	0.238095 	0.077931 	0.012276 
424 	 -180.00 	96.129088      51221 	 	0.229888 	0.072629 	0.010758 
432 	 -176.00 	97.570513      50317 	 	0.217185 	0.065371 	0.008919 
440 	 -172.00 	98.992167      49129 	 	0.208257 	0.060212 	0.007633 
448 	 -168.00 	100.390049      49655 	 	0.199484 	0.055979 	0.006868 
456 	 -164.00 	101.777473      49212 	 	0.189239 	0.050695 	0.005771 
464 	 -160.00 	103.137719      49771 	 	0.180741 	0.046892 	0.005030 
472 	 -156.00 	104.470624      49514 	 	0.172926 	0.043301 	0.004303 
480 	 -152.00 	105.784606      48769 	 	0.162221 	0.038438 	0.003539 
488 	 -148.00 	107.070164      48667 	 	0.160037 	0.037664 	0.003407 
496 	 -144.00 	108.336389      49569 	 	0.152132 	0.034323 	0.002912 
504 	 -140.00 	109.567513      49373 	 	0.148104 	0.032227 	0.002511 
512 	 -136.00 	110.772134      50234 	 	0.143438 	0.030371 	0.002263 
520 	 -132.00 	111.958597      49237 	 	0.137483 	0.028164 	0.001956 
528 	 -128.00 	113.121025      48491 	 	0.134180 	0.027012 	0.001837 
536 	 -124.00 	114.252572      49398 	 	0.128778 	0.025006 	0.001593 
544 	 -120.00 	115.360067      47336 	 	0.126796 	0.024129 	0.001470 
552 	 -116.00 	116.429289      48285 	 	0.122633 	0.022540 	0.001287 
560 	 -112.00 	117.475646      48754 	 	0.118666 	0.021095 	0.001129 
568 	 -108.00 	118.488101      49742 	 	0.115362 	0.019779 	0.000975 
576 	 -104.00 	119.472244      49718 	 	0.111076 	0.018428 	0.000861 
584 	 -100.00 	120.427812      49411 	 	0.107428 	0.017163 	0.000726 
592 	 -96.00 	121.356325      48951 	 	0.103374 	0.016121 	0.000667 
600 	 -92.00 	122.245013      48802 	 	0.099739 	0.015147 	0.000607 
608 	 -88.00 	123.107805      48123 	 	0.095065 	0.013768 	0.000502 
616 	 -84.00 	123.933715      48084 	 	0.093702 	0.013479 	0.000486 
624 	 -80.00 	124.719895      48440 	 	0.092302 	0.013146 	0.000471 
632 	 -76.00 	125.480185      49083 	 	0.089832 	0.012420 	0.000419 
640 	 -72.00 	126.200237      48920 	 	0.087097 	0.011740 	0.000383 
648 	 -68.00 	126.885904      49829 	 	0.085336 	0.011085 	0.000335 
656 	 -64.00 	127.541986      49626 	 	0.081951 	0.010317 	0.000295 
664 	 -60.00 	128.163699      48541 	 	0.080088 	0.009851 	0.000266 
672 	 -56.00 	128.743180      47927 	 	0.077761 	0.009352 	0.000242 
680 	 -52.00 	129.287827      47633 	 	0.075974 	0.008954 	0.000225 
688 	 -48.00 	129.788493      48687 	 	0.074645 	0.008655 	0.000209 
696 	 -44.00 	130.253027      49701 	 	0.072104 	0.008119 	0.000186 
704 	 -40.00 	130.676137      49377 	 	0.070853 	0.007794 	0.000168 
712 	 -36.00 	131.058604      48799 	 	0.068943 	0.007411 	0.000155 
720 	 -32.00 	131.408261      49029 	 	0.067519 	0.007082 	0.000141 
728 	 -28.00 	131.715289      48548 	 	0.065686 	0.006677 	0.000124 
736 	 -24.00 	131.981807      47982 	 	0.064108 	0.006363 	0.000114 
744 	 -20.00 	132.204334      47764 	 	0.062510 	0.006047 	0.000102 
752 	 -16.00 	132.388507      48014 	 	0.061168 	0.005780 	0.000093 
760 	 -12.00 	132.533601      48262 	 	0.059995 	0.005555 	0.000085 
768 	  -8.00 	132.641088      48276 	 	0.058249 	0.005269 	0.000078 
776 	  -4.00 	132.707118      48168 	 	0.057210 	0.005068 	0.000072 
784 	   0.00 	132.727124      48467 	 	0.056050 	0.004888 	0.000067 
792 	   4.00 	132.707567      48558 	 	0.055615 	0.004786 	0.000064 
800 	   8.00 	132.647155      48485 	 	0.054661 	0.004639 	0.000060 
808 	  12.00 	132.543416      48404 	 	0.053913 	0.004508 	0.000057 
816 	  16.00 	132.399287      47809 	 	0.053274 	0.004385 	0.000054 
824 	  20.00 	132.213265      47486 	 	0.051748 	0.004166 	0.000050 
832 	  24.00 	131.990558      47436 	 	0.050132 	0.003916 	0.000044 
840 	  28.00 	131.722421      47212 	 	0.049075 	0.003761 	0.000041 
848 	  32.00 	131.415625      46836 	 	0.047906 	0.003578 	0.000037 
856 	  36.00 	131.068614      47182 	 	0.047088 	0.003454 	0.000035 
864 	  40.00 	130.681543      47272 	 	0.046160 	0.003356 	0.000033 
872 	  44.00 	130.259507      47224 	 	0.045432 	0.003236 	0.000031 
880 	  48.00 	129.796914      46972 	 	0.045359 	0.003210 	0.000029 
888 	  52.00 	129.289367      47674 	 	0.044448 	0.003085 	0.000027 
896 	  56.00 	128.747703      47296 	 	0.043696 	0.002990 	0.000026 
904 	  60.00 	128.162835      48388 	 	0.042527 	0.002851 	0.000024 
912 	  64.00 	127.541245      47143 	 	0.042532 	0.002834 	0.000023 
920 	  68.00 	126.895274      47613 	 	0.041625 	0.002725 	0.000021 
928 	  72.00 	126.206858      46981 	 	0.041478 	0.002690 	0.000021 
936 	  76.00 	125.481673      46857 	 	0.040771 	0.002615 	0.000020 
944 	  80.00 	124.726577      46535 	 	0.040406 	0.002563 	0.000019 
952 	  84.00 	123.940263      45721 	 	0.039785 	0.002504 	0.000018 
960 	  88.00 	123.112123      47136 	 	0.039454 	0.002458 	0.000018 
968 	  92.00 	122.251336      47161 	 	0.038731 	0.002386 	0.000017 
976 	  96.00 	121.363199      47394 	 	0.038339 	0.002314 	0.000016 
984 	 100.00 	120.436841      47552 	 	0.037456 	0.002220 	0.000015 
992 	 104.00 	119.489231      46924 	 	0.037181 	0.002186 	0.000014 
1000 	 108.00 	118.502298      48310 	 	0.036994 	0.002145 	0.000013 
1008 	 112.00 	117.486504      48662 	 	0.037084 	0.002167 	0.000014 
1016 	 116.00 	116.446628      47563 	 	0.035956 	0.002020 	0.000012 
1024 	 120.00 	115.377085      47783 	 	0.035059 	0.001954 	0.000011 
1032 	 124.00 	114.269039      48092 	 	0.034646 	0.001889 	0.000010 
1040 	 128.00 	113.140569      49068 	 	0.034406 	0.001862 	0.000010 
1048 	 132.00 	111.979248      48628 	 	0.034164 	0.001832 	0.000010 
1056 	 136.00 	110.795744      48745 	 	0.033482 	0.001753 	0.000009 
1064 	 140.00 	109.576998      49071 	 	0.033636 	0.001786 	0.000010 
1072 	 144.00 	108.341446      48336 	 	0.033182 	0.001735 	0.000009 
1080 	 148.00 	107.073711      47860 	 	0.032787 	0.001694 	0.000008 
1088 	 152.00 	105.784675      47959 	 	0.031807 	0.001615 	0.000008 
1096 	 156.00 	104.484348      48375 	 	0.031655 	0.001595 	0.000008 
1104 	 160.00 	103.143326      49980 	 	0.031684 	0.001581 	0.000007 
1112 	 164.00 	101.794128      47982 	 	0.031510 	0.001574 	0.000007 
1120 	 168.00 	100.419050      49910 	 	0.031055 	0.001527 	0.000007 
1128 	 172.00 	99.019460      50980 	 	0.030799 	0.001491 	0.000006 
1136 	 176.00 	97.600581      51416 	 	0.030352 	0.001473 	0.000007 
1144 	 180.00 	96.154476      51213 	 	0.030629 	0.001467 	0.000006 
1152 	 184.00 	94.690928      51955 	 	0.029671 	0.001400 	0.000006 
1160 	 188.00 	93.212211      52072 	 	0.030074 	0.001423 	0.000006 
1168 	 192.00 	91.712287      53203 	 	0.029128 	0.001338 	0.000005 
1176 	 196.00 	90.193954      54540 	 	0.028010 	0.001248 	0.000005 
1184 	 200.00 	88.663807      53209 	 	0.027708 	0.001214 	0.000004 
1192 	 204.00 	87.111699      54620 	 	0.028019 	0.001229 	0.000004 
1200 	 208.00 	85.534213      54585 	 	0.027503 	0.001194 	0.000004 
1208 	 212.00 	83.949357      55309 	 	0.026829 	0.001139 	0.000004 
1216 	 216.00 	82.346858      57435 	 	0.026521 	0.001117 	0.000004 
1224 	 220.00 	80.733235      56744 	 	0.026422 	0.001108 	0.000004 
1232 	 224.00 	79.114687      55885 	 	0.026726 	0.001131 	0.000004 
1240 	 228.00 	77.482795      55404 	 	0.026479 	0.001117 	0.000004 
1248 	 232.00 	75.834355      54953 	 	0.026056 	0.001075 	0.000003 
1256 	 236.00 	74.178394      55501 	 	0.025337 	0.001021 	0.000003 
1264 	 240.00 	72.512936      56179 	 	0.025503 	0.001030 	0.000003 
1272 	 244.00 	70.843347      54145 	 	0.025039 	0.000986 	0.000003 
1280 	 248.00 	69.160155      55215 	 	0.024371 	0.000945 	0.000003 
1288 	 252.00 	67.480062      56137 	 	0.024502 	0.000958 	0.000003 
1296 	 256.00 	65.773255      57106 	 	0.024010 	0.000924 	0.000003 
1304 	 260.00 	64.071382      56644 	 	0.023844 	0.000910 	0.000002 
1312 	 264.00 	62.376989      56787 	 	0.024243 	0.000916 	0.000002 
1320 	 268.00 	60.660972      56405 	 	0.023831 	0.000891 	0.000002 
1328 	 272.00 	58.943750      56676 	 	0.023975 	0.000898 	0.000002 
1336 	 276.00 	57.228982      56813 	 	0.023457 	0.000879 	0.000002 
1344 	 280.00 	55.499583      56650 	 	0.022645 	0.000809 	0.000002 
1352 	 284.00 	53.770714      55498 	 	0.022522 	0.000808 	0.000002 
1360 	 288.00 	52.025869      54100 	 	0.021887 	0.000770 	0.000002 
1368 	 292.00 	50.281734      54927 	 	0.022107 	0.000776 	0.000002 
1376 	 296.00 	48.514512      56010 	 	0.021925 	0.000759 	0.000002 
1384 	 300.00 	46.743417      56469 	 	0.021427 	0.000732 	0.000002 
1392 	 304.00 	44.961401      58133 	 	0.021208 	0.000718 	0.000002 
1400 	 308.00 	43.159638      58113 	 	0.020757 	0.000683 	0.000001 
1408 	 312.00 	41.341303      57091 	 	0.019946 	0.000633 	0.000001 
1416 	 316.00 	39.519728      58251 	 	0.019805 	0.000629 	0.000001 
1424 	 320.00 	37.687095      56164 	 	0.018955 	0.000575 	0.000001 
1432 	 324.00 	35.850988      56816 	 	0.018198 	0.000531 	0.000001 
1440 	 328.00 	33.977044      56807 	 	0.018012 	0.000520 	0.000001 
1448 	 332.00 	32.080681      58479 	 	0.017627 	0.000493 	0.000001 
1456 	 336.00 	30.186794      57431 	 	0.016991 	0.000481 	0.000001 
1464 	 340.00 	28.250242      58837 	 	0.016652 	0.000437 	0.000001 
1472 	 344.00 	26.333516      57531 	 	0.015916 	0.000409 	0.000000 
1480 	 348.00 	24.296425      57362 	 	0.015113 	0.000367 	0.000000 
1488 	 352.00 	22.364144      60283 	 	0.015288 	0.000385 	0.000000 
1496 	 356.00 	20.182471      59351 	 	0.013769 	0.000281 	0.000000 
1504 	 360.00 	18.295342      62516 	 	0.014544 	0.000354 	0.000000 
1512 	 364.00 	15.877471      60856 	 	0.009790 	0.000190 	0.000000 
1520 	 368.00 	14.143181      60390 	 	0.013992 	0.000285 	0.000000 
1528 	 372.00 	11.207122      59943 	 	0.009972 	0.000104 	0.000000 
1536 	 376.00 	9.850106      60740 	 	0.010234 	0.000203 	0.000000 
1544 	 380.00 	5.902858      57979 	 	0.000000 	0.000000 	0.000000 
1552 	 384.00 	5.203015      60237 	 	0.010204 	0.000104 	0.000000 
1568 	 392.00 	-0.071486      60146 	 	0.000000 	0.000000 	0.000000 
