#i 	E(i) 	 	log[g(E)] 	  H(E) 	 	<M> 	 	<M^2> 	 	<M^4>
#----------------------------------------------------------------------------------------------------
0 	 -2592.00 	0.000000    4854542 	 	1.000000 	1.000000 	-4126.806730 
16 	 -2584.00 	7.174418    4798545 	 	0.998457 	0.996916 	-4101.391522 
24 	 -2580.00 	7.867865    4763920 	 	0.996914 	0.993837 	-4076.093885 
32 	 -2576.00 	13.679321    4736776 	 	0.996897 	0.993804 	-4075.826470 
40 	 -2572.00 	15.050158    4755988 	 	0.995347 	0.990716 	-4050.539342 
48 	 -2568.00 	19.775740    4671481 	 	0.995303 	0.990627 	-4049.812056 
56 	 -2564.00 	21.536827    4753282 	 	0.993758 	0.987555 	-4024.731622 
64 	 -2560.00 	25.602944    4733760 	 	0.993666 	0.987373 	-4023.249755 
72 	 -2556.00 	27.640633    4722767 	 	0.992164 	0.984391 	-3998.982410 
80 	 -2552.00 	31.235765    4768137 	 	0.991969 	0.984004 	-3995.844560 
88 	 -2548.00 	33.453702    4764421 	 	0.990516 	0.981122 	-3972.473301 
96 	 -2544.00 	36.728230    4757969 	 	0.990231 	0.980559 	-3967.918231 
104 	 -2540.00 	39.065665    4714368 	 	0.988849 	0.977822 	-3945.802024 
112 	 -2536.00 	42.091171    4786275 	 	0.988450 	0.977034 	-3939.449030 
120 	 -2532.00 	44.500954    4788242 	 	0.987145 	0.974456 	-3918.688077 
128 	 -2528.00 	47.354200    4797834 	 	0.986632 	0.973445 	-3910.567519 
136 	 -2524.00 	49.803870    4822697 	 	0.985402 	0.971019 	-3891.096980 
144 	 -2520.00 	52.525220    4807878 	 	0.984784 	0.969801 	-3881.356626 
152 	 -2516.00 	54.992857    4888577 	 	0.983627 	0.967525 	-3863.152687 
160 	 -2512.00 	57.617898    4885628 	 	0.982889 	0.966073 	-3851.582822 
168 	 -2508.00 	60.090258    4826953 	 	0.981809 	0.963952 	-3834.687822 
176 	 -2504.00 	62.649072    4843457 	 	0.981010 	0.962383 	-3822.224227 
184 	 -2500.00 	65.104787    4800850 	 	0.979973 	0.960351 	-3806.096568 
192 	 -2496.00 	67.601695    4883185 	 	0.979095 	0.958630 	-3792.484218 
200 	 -2492.00 	70.036264    4839613 	 	0.978070 	0.956625 	-3776.631853 
208 	 -2488.00 	72.494253    4806156 	 	0.977182 	0.954888 	-3762.942314 
216 	 -2484.00 	74.907568    4853685 	 	0.976190 	0.952951 	-3747.690964 
224 	 -2480.00 	77.326299    4846080 	 	0.975250 	0.951119 	-3733.303473 
232 	 -2476.00 	79.714475    4823511 	 	0.974263 	0.949195 	-3718.217392 
240 	 -2472.00 	82.107520    4825665 	 	0.973299 	0.947318 	-3703.538953 
248 	 -2468.00 	84.472686    4809350 	 	0.972290 	0.945355 	-3688.214779 
256 	 -2464.00 	86.831975    4792490 	 	0.971317 	0.943465 	-3673.489574 
264 	 -2460.00 	89.170248    4804540 	 	0.970322 	0.941533 	-3658.465098 
272 	 -2456.00 	91.499258    4792234 	 	0.969324 	0.939598 	-3643.451686 
280 	 -2452.00 	93.815699    4764756 	 	0.968302 	0.937617 	-3628.116072 
288 	 -2448.00 	96.122553    4770483 	 	0.967294 	0.935667 	-3613.053956 
296 	 -2444.00 	98.414356    4779163 	 	0.966266 	0.933680 	-3597.735689 
304 	 -2440.00 	100.709976    4700943 	 	0.965205 	0.931632 	-3581.986306 
312 	 -2436.00 	102.980769    4746790 	 	0.964196 	0.929685 	-3567.038527 
320 	 -2432.00 	105.242054    4737484 	 	0.963124 	0.927620 	-3551.225399 
328 	 -2428.00 	107.497546    4723856 	 	0.962092 	0.925634 	-3536.046449 
336 	 -2424.00 	109.745408    4743387 	 	0.961030 	0.923594 	-3520.488070 
344 	 -2420.00 	111.983510    4735486 	 	0.959991 	0.921597 	-3505.293826 
352 	 -2416.00 	114.208755    4738113 	 	0.958909 	0.919523 	-3489.547477 
360 	 -2412.00 	116.429999    4727097 	 	0.957846 	0.917486 	-3474.123089 
368 	 -2408.00 	118.640140    4780209 	 	0.956787 	0.915460 	-3458.804574 
376 	 -2404.00 	120.841358    4751933 	 	0.955723 	0.913424 	-3443.458168 
384 	 -2400.00 	123.037806    4741836 	 	0.954655 	0.911387 	-3428.132860 
392 	 -2396.00 	125.220758    4762490 	 	0.953508 	0.909198 	-3411.708480 
400 	 -2392.00 	127.399713    4754311 	 	0.952444 	0.907172 	-3396.529155 
408 	 -2388.00 	129.569163    4742497 	 	0.951315 	0.905024 	-3380.486655 
416 	 -2384.00 	131.733068    4761975 	 	0.950183 	0.902873 	-3364.465994 
424 	 -2380.00 	133.890111    4777425 	 	0.949040 	0.900703 	-3348.331033 
432 	 -2376.00 	136.038853    4750792 	 	0.947944 	0.898625 	-3332.912151 
440 	 -2372.00 	138.180797    4794955 	 	0.946815 	0.896488 	-3317.105837 
448 	 -2368.00 	140.313721    4737050 	 	0.945680 	0.894340 	-3301.242445 
456 	 -2364.00 	142.439895    4771676 	 	0.944536 	0.892181 	-3285.357002 
464 	 -2360.00 	144.562933    4767008 	 	0.943376 	0.889991 	-3269.264762 
472 	 -2356.00 	146.669165    4833759 	 	0.942200 	0.887777 	-3253.042519 
480 	 -2352.00 	148.780419    4804206 	 	0.941034 	0.885581 	-3237.000229 
488 	 -2348.00 	150.882109    4836247 	 	0.939892 	0.883434 	-3221.337483 
496 	 -2344.00 	152.982609    4797331 	 	0.938664 	0.881131 	-3204.607404 
504 	 -2340.00 	155.069293    4805252 	 	0.937481 	0.878913 	-3188.526289 
512 	 -2336.00 	157.155013    4791557 	 	0.936267 	0.876641 	-3172.084323 
520 	 -2332.00 	159.231819    4818808 	 	0.935030 	0.874328 	-3155.416651 
528 	 -2328.00 	161.307756    4827044 	 	0.933803 	0.872038 	-3138.934740 
536 	 -2324.00 	163.382599    4807337 	 	0.932571 	0.869741 	-3122.458313 
544 	 -2320.00 	165.442062    4795551 	 	0.931354 	0.867474 	-3106.237479 
552 	 -2316.00 	167.507324    4783978 	 	0.930110 	0.865161 	-3089.725183 
560 	 -2312.00 	169.555042    4773122 	 	0.928842 	0.862807 	-3072.975571 
568 	 -2308.00 	171.604973    4767416 	 	0.927535 	0.860385 	-3055.815544 
576 	 -2304.00 	173.645082    4794481 	 	0.926271 	0.858044 	-3039.258343 
584 	 -2300.00 	175.680091    4830710 	 	0.924991 	0.855679 	-3022.569753 
592 	 -2296.00 	177.712702    4806189 	 	0.923700 	0.853296 	-3005.816277 
600 	 -2292.00 	179.741272    4814751 	 	0.922418 	0.850934 	-2989.259881 
608 	 -2288.00 	181.759997    4857822 	 	0.921112 	0.848531 	-2972.459907 
616 	 -2284.00 	183.776840    4847933 	 	0.919769 	0.846062 	-2955.237760 
624 	 -2280.00 	185.787669    4882227 	 	0.918494 	0.843721 	-2938.969343 
632 	 -2276.00 	187.794274    4902234 	 	0.917071 	0.841114 	-2920.897587 
640 	 -2272.00 	189.799168    4904696 	 	0.915780 	0.838751 	-2904.558497 
648 	 -2268.00 	191.802048    4879067 	 	0.914429 	0.836282 	-2887.524000 
656 	 -2264.00 	193.796337    4891910 	 	0.913033 	0.833737 	-2870.052963 
664 	 -2260.00 	195.790306    4852943 	 	0.911728 	0.831360 	-2853.765079 
672 	 -2256.00 	197.778581    4848021 	 	0.910362 	0.828874 	-2836.775079 
680 	 -2252.00 	199.760962    4861801 	 	0.908955 	0.826321 	-2819.434595 
688 	 -2248.00 	201.740092    4853615 	 	0.907542 	0.823764 	-2802.106559 
696 	 -2244.00 	203.715837    4865104 	 	0.906137 	0.821217 	-2784.846622 
704 	 -2240.00 	205.689555    4869031 	 	0.904763 	0.818736 	-2768.150463 
712 	 -2236.00 	207.655265    4881955 	 	0.903274 	0.816045 	-2750.021093 
720 	 -2232.00 	209.622904    4865857 	 	0.901898 	0.813567 	-2733.412791 
728 	 -2228.00 	211.585738    4862952 	 	0.900388 	0.810853 	-2715.303971 
736 	 -2224.00 	213.541671    4863027 	 	0.898983 	0.808330 	-2698.501219 
744 	 -2220.00 	215.495507    4847278 	 	0.897462 	0.805604 	-2680.444578 
752 	 -2216.00 	217.443020    4860283 	 	0.896007 	0.803001 	-2663.220986 
760 	 -2212.00 	219.391828    4862717 	 	0.894406 	0.800141 	-2644.398076 
768 	 -2208.00 	221.334162    4868732 	 	0.892898 	0.797453 	-2626.749523 
776 	 -2204.00 	223.269828    4877077 	 	0.891325 	0.794657 	-2608.504141 
784 	 -2200.00 	225.207724    4881427 	 	0.889827 	0.791996 	-2591.157381 
792 	 -2196.00 	227.143210    4859646 	 	0.888292 	0.789277 	-2573.513195 
800 	 -2192.00 	229.071419    4861920 	 	0.886754 	0.786554 	-2555.885090 
808 	 -2188.00 	230.996472    4856791 	 	0.885236 	0.783868 	-2538.544647 
816 	 -2184.00 	232.926928    4823880 	 	0.883630 	0.781040 	-2520.412511 
824 	 -2180.00 	234.845522    4822380 	 	0.882131 	0.778397 	-2503.438265 
832 	 -2176.00 	236.762946    4812238 	 	0.880480 	0.775500 	-2485.012382 
840 	 -2172.00 	238.674701    4813164 	 	0.878833 	0.772613 	-2466.681390 
848 	 -2168.00 	240.586854    4813162 	 	0.877203 	0.769763 	-2448.678193 
856 	 -2164.00 	242.494840    4796788 	 	0.875621 	0.767004 	-2431.327275 
864 	 -2160.00 	244.398531    4787036 	 	0.873854 	0.763924 	-2411.999719 
872 	 -2156.00 	246.302725    4773009 	 	0.872265 	0.761159 	-2394.688189 
880 	 -2152.00 	248.198718    4797006 	 	0.870584 	0.758242 	-2376.545047 
888 	 -2148.00 	250.095073    4793377 	 	0.868830 	0.755202 	-2357.670433 
896 	 -2144.00 	251.986836    4805896 	 	0.867067 	0.752162 	-2338.967715 
904 	 -2140.00 	253.878985    4797143 	 	0.865419 	0.749318 	-2321.460043 
912 	 -2136.00 	255.765778    4786287 	 	0.863596 	0.746185 	-2302.306480 
920 	 -2132.00 	257.648940    4806647 	 	0.861834 	0.743164 	-2283.944865 
928 	 -2128.00 	259.534745    4785965 	 	0.860159 	0.740284 	-2266.357860 
936 	 -2124.00 	261.414122    4765209 	 	0.858399 	0.737277 	-2248.205239 
944 	 -2120.00 	263.289822    4737371 	 	0.856658 	0.734306 	-2230.311592 
952 	 -2116.00 	265.167261    4743595 	 	0.854853 	0.731240 	-2211.982076 
960 	 -2112.00 	267.035898    4735489 	 	0.852952 	0.728010 	-2192.714142 
968 	 -2108.00 	268.902742    4756908 	 	0.851130 	0.724924 	-2174.385757 
976 	 -2104.00 	270.768817    4748576 	 	0.849256 	0.721755 	-2155.622218 
984 	 -2100.00 	272.634797    4726983 	 	0.847290 	0.718443 	-2136.161279 
992 	 -2096.00 	274.496479    4733662 	 	0.845426 	0.715306 	-2117.777458 
1000 	 -2092.00 	276.357220    4717132 	 	0.843579 	0.712207 	-2099.720622 
1008 	 -2088.00 	278.215278    4699063 	 	0.841556 	0.708827 	-2080.165832 
1016 	 -2084.00 	280.069429    4704142 	 	0.839626 	0.705609 	-2061.641994 
1024 	 -2080.00 	281.921945    4705299 	 	0.837700 	0.702401 	-2043.205880 
1032 	 -2076.00 	283.770556    4714619 	 	0.835640 	0.698988 	-2023.775418 
1040 	 -2072.00 	285.617167    4714626 	 	0.833568 	0.695557 	-2004.277542 
1048 	 -2068.00 	287.462034    4705263 	 	0.831551 	0.692227 	-1985.463947 
1056 	 -2064.00 	289.304040    4714767 	 	0.829610 	0.689022 	-1967.370966 
1064 	 -2060.00 	291.142470    4731664 	 	0.827445 	0.685470 	-1947.534024 
1072 	 -2056.00 	292.985983    4698793 	 	0.825309 	0.681984 	-1928.246804 
1080 	 -2052.00 	294.821411    4715058 	 	0.823367 	0.678804 	-1910.572754 
1088 	 -2048.00 	296.656411    4691347 	 	0.821082 	0.675091 	-1890.224407 
1096 	 -2044.00 	298.489597    4691477 	 	0.819020 	0.671737 	-1871.811293 
1104 	 -2040.00 	300.315980    4714497 	 	0.816736 	0.668039 	-1851.690180 
1112 	 -2036.00 	302.144918    4704415 	 	0.814426 	0.664334 	-1831.862261 
1120 	 -2032.00 	303.972675    4695576 	 	0.812309 	0.660924 	-1813.451892 
1128 	 -2028.00 	305.793874    4689787 	 	0.810001 	0.657235 	-1793.847977 
1136 	 -2024.00 	307.614891    4684064 	 	0.807560 	0.653344 	-1773.278656 
1144 	 -2020.00 	309.436468    4668359 	 	0.805248 	0.649663 	-1753.834277 
1152 	 -2016.00 	311.252092    4683371 	 	0.802918 	0.645950 	-1734.278095 
1160 	 -2012.00 	313.068298    4670959 	 	0.800461 	0.642082 	-1714.245511 
1168 	 -2008.00 	314.881184    4677265 	 	0.798026 	0.638234 	-1694.271420 
1176 	 -2004.00 	316.694244    4680941 	 	0.795778 	0.634693 	-1675.961154 
1184 	 -2000.00 	318.504552    4680572 	 	0.793143 	0.630588 	-1655.132390 
1192 	 -1996.00 	320.311872    4692166 	 	0.790651 	0.626717 	-1635.600080 
1200 	 -1992.00 	322.122156    4659104 	 	0.788074 	0.622742 	-1615.705326 
1208 	 -1988.00 	323.929116    4660453 	 	0.785378 	0.618581 	-1594.936663 
1216 	 -1984.00 	325.735029    4630121 	 	0.782863 	0.614726 	-1575.874992 
1224 	 -1980.00 	327.534904    4667549 	 	0.780146 	0.610539 	-1555.229278 
1232 	 -1976.00 	329.337303    4667097 	 	0.777446 	0.606416 	-1535.102616 
1240 	 -1972.00 	331.132267    4682646 	 	0.774960 	0.602650 	-1516.889117 
1248 	 -1968.00 	332.933985    4642748 	 	0.772013 	0.598210 	-1495.662939 
1256 	 -1964.00 	334.730967    4639365 	 	0.769458 	0.594368 	-1477.313804 
1264 	 -1960.00 	336.523633    4619833 	 	0.766701 	0.590235 	-1457.744724 
1272 	 -1956.00 	338.312837    4646833 	 	0.763982 	0.586166 	-1438.521244 
1280 	 -1952.00 	340.105084    4641194 	 	0.760991 	0.581706 	-1417.667613 
1288 	 -1948.00 	341.896886    4620921 	 	0.757992 	0.577294 	-1397.414923 
1296 	 -1944.00 	343.683458    4625287 	 	0.755155 	0.573136 	-1378.381241 
1304 	 -1940.00 	345.469541    4652415 	 	0.751791 	0.568259 	-1356.532092 
1312 	 -1936.00 	347.255172    4644417 	 	0.748893 	0.564052 	-1337.626640 
1320 	 -1932.00 	349.035571    4646950 	 	0.745748 	0.559531 	-1317.576719 
1328 	 -1928.00 	350.819175    4613832 	 	0.742447 	0.554835 	-1297.115634 
1336 	 -1924.00 	352.597352    4633922 	 	0.739279 	0.550280 	-1277.083311 
1344 	 -1920.00 	354.378113    4614932 	 	0.735847 	0.545374 	-1255.657310 
1352 	 -1916.00 	356.154144    4620414 	 	0.732316 	0.540379 	-1234.262371 
1360 	 -1912.00 	357.932531    4598219 	 	0.728877 	0.535560 	-1213.779749 
1368 	 -1908.00 	359.706377    4591417 	 	0.725319 	0.530556 	-1192.643769 
1376 	 -1904.00 	361.478992    4578292 	 	0.721916 	0.525895 	-1173.516594 
1384 	 -1900.00 	363.256593    4549785 	 	0.718197 	0.520809 	-1152.778295 
1392 	 -1896.00 	365.024894    4551071 	 	0.714716 	0.516058 	-1133.374481 
1400 	 -1892.00 	366.796267    4553153 	 	0.710874 	0.510871 	-1112.653419 
1408 	 -1888.00 	368.565244    4553779 	 	0.707537 	0.506364 	-1094.608772 
1416 	 -1884.00 	370.333110    4546290 	 	0.703641 	0.501169 	-1074.193744 
1424 	 -1880.00 	372.096902    4552323 	 	0.699859 	0.496160 	-1054.872874 
1432 	 -1876.00 	373.861634    4566899 	 	0.695848 	0.490898 	-1034.714533 
1440 	 -1872.00 	375.624513    4527456 	 	0.691762 	0.485531 	-1014.184255 
1448 	 -1868.00 	377.388039    4539581 	 	0.687509 	0.480004 	-993.363961 
1456 	 -1864.00 	379.148630    4531881 	 	0.683395 	0.474720 	-973.731727 
1464 	 -1860.00 	380.905980    4568237 	 	0.679220 	0.469394 	-954.232948 
1472 	 -1856.00 	382.666812    4540649 	 	0.674619 	0.463594 	-933.307227 
1480 	 -1852.00 	384.426089    4517873 	 	0.670122 	0.457940 	-913.124732 
1488 	 -1848.00 	386.179916    4546928 	 	0.665786 	0.452539 	-894.101941 
1496 	 -1844.00 	387.930781    4556257 	 	0.661603 	0.447349 	-875.759929 
1504 	 -1840.00 	389.686440    4555211 	 	0.656665 	0.441380 	-855.571221 
1512 	 -1836.00 	391.440492    4538181 	 	0.651646 	0.435346 	-835.414797 
1520 	 -1832.00 	393.192243    4526322 	 	0.646741 	0.429468 	-815.695008 
1528 	 -1828.00 	394.942959    4517090 	 	0.641694 	0.423521 	-796.218593 
1536 	 -1824.00 	396.693928    4505175 	 	0.636321 	0.417227 	-775.891969 
1544 	 -1820.00 	398.444624    4508523 	 	0.630635 	0.410676 	-755.080342 
1552 	 -1816.00 	400.194747    4493192 	 	0.625180 	0.404446 	-735.741132 
1560 	 -1812.00 	401.941005    4504348 	 	0.619965 	0.398479 	-717.182161 
1568 	 -1808.00 	403.690528    4495473 	 	0.614927 	0.392789 	-699.632538 
1576 	 -1804.00 	405.437317    4490466 	 	0.609390 	0.386716 	-681.628457 
1584 	 -1800.00 	407.180359    4497095 	 	0.603199 	0.379971 	-662.011051 
1592 	 -1796.00 	408.924382    4497885 	 	0.597340 	0.373647 	-643.746147 
1600 	 -1792.00 	410.671259    4477403 	 	0.590672 	0.366538 	-623.675404 
1608 	 -1788.00 	412.413761    4481294 	 	0.584352 	0.359818 	-604.653180 
1616 	 -1784.00 	414.157545    4475381 	 	0.578100 	0.353311 	-586.893970 
1624 	 -1780.00 	415.896837    4500045 	 	0.571789 	0.346599 	-568.263753 
1632 	 -1776.00 	417.639652    4469016 	 	0.565817 	0.340402 	-551.377856 
1640 	 -1772.00 	419.378264    4471836 	 	0.559962 	0.334312 	-534.832634 
1648 	 -1768.00 	421.116162    4467245 	 	0.553348 	0.327632 	-517.317310 
1656 	 -1764.00 	422.853826    4452362 	 	0.547613 	0.321652 	-501.386049 
1664 	 -1760.00 	424.590619    4427515 	 	0.541354 	0.315378 	-485.300101 
1672 	 -1756.00 	426.325026    4423861 	 	0.535052 	0.309133 	-469.483805 
1680 	 -1752.00 	428.060034    4413631 	 	0.528376 	0.302574 	-453.180176 
1688 	 -1748.00 	429.792659    4394538 	 	0.522569 	0.296897 	-439.199461 
1696 	 -1744.00 	431.523806    4398206 	 	0.514830 	0.289732 	-422.548348 
1704 	 -1740.00 	433.256809    4365646 	 	0.508062 	0.283356 	-407.676690 
1712 	 -1736.00 	434.988141    4358801 	 	0.501062 	0.276803 	-392.597852 
1720 	 -1732.00 	436.720527    4342273 	 	0.493871 	0.270219 	-377.681735 
1728 	 -1728.00 	438.447221    4354693 	 	0.487436 	0.264267 	-364.144341 
1736 	 -1724.00 	440.175026    4343549 	 	0.480398 	0.258006 	-350.534370 
1744 	 -1720.00 	441.900744    4343800 	 	0.473961 	0.252246 	-338.027013 
1752 	 -1716.00 	443.626760    4327295 	 	0.467147 	0.246113 	-324.827252 
1760 	 -1712.00 	445.351918    4305926 	 	0.460104 	0.239865 	-311.613191 
1768 	 -1708.00 	447.078741    4301467 	 	0.453099 	0.234013 	-299.961024 
1776 	 -1704.00 	448.800228    4309794 	 	0.446357 	0.228068 	-287.579514 
1784 	 -1700.00 	450.520978    4308239 	 	0.440597 	0.223184 	-277.747832 
1792 	 -1696.00 	452.240182    4299846 	 	0.434143 	0.217709 	-266.731025 
1800 	 -1692.00 	453.958397    4310963 	 	0.428194 	0.212689 	-256.801495 
1808 	 -1688.00 	455.675748    4321653 	 	0.421613 	0.207282 	-246.424140 
1816 	 -1684.00 	457.395141    4295550 	 	0.415683 	0.202326 	-236.893492 
1824 	 -1680.00 	459.113736    4265702 	 	0.409740 	0.197479 	-227.739619 
1832 	 -1676.00 	460.829935    4246859 	 	0.403311 	0.192384 	-218.534734 
1840 	 -1672.00 	462.544033    4242496 	 	0.396433 	0.186902 	-208.680817 
1848 	 -1668.00 	464.257082    4228598 	 	0.390653 	0.182385 	-200.743939 
1856 	 -1664.00 	465.968642    4214947 	 	0.383550 	0.176950 	-191.294640 
1864 	 -1660.00 	467.675877    4206005 	 	0.376888 	0.171933 	-182.881625 
1872 	 -1656.00 	469.384932    4194076 	 	0.370999 	0.167397 	-175.173006 
1880 	 -1652.00 	471.092102    4189384 	 	0.365220 	0.162960 	-167.567202 
1888 	 -1648.00 	472.798775    4197426 	 	0.359359 	0.158538 	-160.275891 
1896 	 -1644.00 	474.503061    4176164 	 	0.352824 	0.153664 	-152.395708 
1904 	 -1640.00 	476.204534    4170075 	 	0.347290 	0.149762 	-146.490360 
1912 	 -1636.00 	477.907373    4164877 	 	0.342850 	0.146381 	-140.849030 
1920 	 -1632.00 	479.607247    4164960 	 	0.336734 	0.142052 	-134.323732 
1928 	 -1628.00 	481.303176    4156810 	 	0.331254 	0.138162 	-128.494570 
1936 	 -1624.00 	482.998673    4154880 	 	0.326890 	0.134992 	-123.567034 
1944 	 -1620.00 	484.697538    4133269 	 	0.321496 	0.131168 	-117.896944 
1952 	 -1616.00 	486.391693    4114243 	 	0.316365 	0.127550 	-112.498011 
1960 	 -1612.00 	488.085497    4121224 	 	0.311136 	0.123917 	-107.230231 
1968 	 -1608.00 	489.776177    4094238 	 	0.306359 	0.120676 	-102.742564 
1976 	 -1604.00 	491.464920    4104719 	 	0.301771 	0.117500 	-98.285158 
1984 	 -1600.00 	493.150894    4091948 	 	0.297524 	0.114675 	-94.403516 
1992 	 -1596.00 	494.834860    4087615 	 	0.293029 	0.111754 	-90.571137 
2000 	 -1592.00 	496.519209    4074130 	 	0.288753 	0.108919 	-86.686400 
2008 	 -1588.00 	498.201316    4065018 	 	0.283820 	0.105707 	-82.511420 
2016 	 -1584.00 	499.881470    4067436 	 	0.279331 	0.102807 	-78.754573 
2024 	 -1580.00 	501.557763    4072664 	 	0.276217 	0.100735 	-76.013547 
2032 	 -1576.00 	503.234881    4079147 	 	0.272104 	0.098227 	-72.896441 
2040 	 -1572.00 	504.909838    4072954 	 	0.267818 	0.095452 	-69.410339 
2048 	 -1568.00 	506.582870    4066070 	 	0.263941 	0.093139 	-66.807576 
2056 	 -1564.00 	508.254591    4056188 	 	0.260339 	0.090849 	-63.969163 
2064 	 -1560.00 	509.924109    4049457 	 	0.256409 	0.088404 	-61.114254 
2072 	 -1556.00 	511.590418    4055837 	 	0.252601 	0.086045 	-58.311323 
2080 	 -1552.00 	513.256799    4051337 	 	0.249169 	0.084019 	-56.055490 
2088 	 -1548.00 	514.920442    4060356 	 	0.245667 	0.081953 	-53.725702 
2096 	 -1544.00 	516.580322    4061823 	 	0.242529 	0.080130 	-51.699646 
2104 	 -1540.00 	518.239528    4052416 	 	0.239437 	0.078347 	-49.795400 
2112 	 -1536.00 	519.897192    4067945 	 	0.235980 	0.076339 	-47.617830 
2120 	 -1532.00 	521.554826    4077717 	 	0.232774 	0.074420 	-45.523171 
2128 	 -1528.00 	523.208780    4060766 	 	0.229887 	0.072835 	-43.887249 
2136 	 -1524.00 	524.862420    4049460 	 	0.226162 	0.070784 	-41.895147 
2144 	 -1520.00 	526.514481    4048608 	 	0.223222 	0.069145 	-40.203214 
2152 	 -1516.00 	528.160516    4064307 	 	0.220272 	0.067462 	-38.529536 
2160 	 -1512.00 	529.805150    4074333 	 	0.217027 	0.065677 	-36.809004 
2168 	 -1508.00 	531.448330    4073591 	 	0.214149 	0.064118 	-35.316494 
2176 	 -1504.00 	533.090151    4085364 	 	0.211657 	0.062767 	-34.074502 
2184 	 -1500.00 	534.730620    4092649 	 	0.208477 	0.061077 	-32.523765 
2192 	 -1496.00 	536.367187    4089471 	 	0.205583 	0.059528 	-31.080570 
2200 	 -1492.00 	538.004249    4099972 	 	0.203140 	0.058210 	-29.855279 
2208 	 -1488.00 	539.637547    4090771 	 	0.200174 	0.056709 	-28.559567 
2216 	 -1484.00 	541.268884    4095869 	 	0.198041 	0.055546 	-27.470497 
2224 	 -1480.00 	542.897729    4085243 	 	0.195221 	0.054148 	-26.281416 
2232 	 -1476.00 	544.525427    4103101 	 	0.193229 	0.053107 	-25.374199 
2240 	 -1472.00 	546.151196    4084204 	 	0.191106 	0.052042 	-24.457123 
2248 	 -1468.00 	547.774759    4086462 	 	0.188874 	0.050905 	-23.529168 
2256 	 -1464.00 	549.396584    4079433 	 	0.186789 	0.049941 	-22.852932 
2264 	 -1460.00 	551.014957    4083277 	 	0.184070 	0.048620 	-21.790513 
2272 	 -1456.00 	552.630224    4096545 	 	0.182480 	0.047834 	-21.165717 
2280 	 -1452.00 	554.242685    4092513 	 	0.179901 	0.046587 	-20.197526 
2288 	 -1448.00 	555.855686    4089095 	 	0.178277 	0.045821 	-19.597521 
2296 	 -1444.00 	557.465749    4081704 	 	0.175746 	0.044645 	-18.731212 
2304 	 -1440.00 	559.072768    4098887 	 	0.174011 	0.043794 	-18.074136 
2312 	 -1436.00 	560.676629    4080000 	 	0.171650 	0.042692 	-17.263463 
2320 	 -1432.00 	562.278311    4072149 	 	0.169661 	0.041749 	-16.568614 
2328 	 -1428.00 	563.881120    4066356 	 	0.168043 	0.041032 	-16.077933 
2336 	 -1424.00 	565.480243    4061494 	 	0.166278 	0.040271 	-15.543693 
2344 	 -1420.00 	567.078293    4039358 	 	0.164406 	0.039414 	-14.940830 
2352 	 -1416.00 	568.669923    4031467 	 	0.162614 	0.038602 	-14.386383 
2360 	 -1412.00 	570.261166    4024129 	 	0.160944 	0.037815 	-13.830691 
2368 	 -1408.00 	571.849668    4013428 	 	0.159030 	0.037004 	-13.302150 
2376 	 -1404.00 	573.435017    4010450 	 	0.157157 	0.036222 	-12.822417 
2384 	 -1400.00 	575.018615    4001985 	 	0.155333 	0.035402 	-12.282767 
2392 	 -1396.00 	576.601349    3997848 	 	0.153486 	0.034669 	-11.855992 
2400 	 -1392.00 	578.178557    4001984 	 	0.152082 	0.034031 	-11.440686 
2408 	 -1388.00 	579.754491    3995344 	 	0.150333 	0.033297 	-10.998748 
2416 	 -1384.00 	581.328727    4000198 	 	0.148864 	0.032671 	-10.620818 
2424 	 -1380.00 	582.899040    4011550 	 	0.147014 	0.031917 	-10.173350 
2432 	 -1376.00 	584.468206    4021191 	 	0.145721 	0.031411 	-9.876076 
2440 	 -1372.00 	586.037672    3993689 	 	0.144088 	0.030738 	-9.484033 
2448 	 -1368.00 	587.602863    3989663 	 	0.142797 	0.030178 	-9.153395 
2456 	 -1364.00 	589.165261    3986058 	 	0.141400 	0.029668 	-8.904092 
2464 	 -1360.00 	590.727186    3986094 	 	0.140190 	0.029158 	-8.600287 
2472 	 -1356.00 	592.282364    3999087 	 	0.138821 	0.028630 	-8.316864 
2480 	 -1352.00 	593.837354    3994307 	 	0.137336 	0.028038 	-7.994524 
2488 	 -1348.00 	595.384772    4010374 	 	0.135963 	0.027532 	-7.759558 
2496 	 -1344.00 	596.934117    4006940 	 	0.134735 	0.027063 	-7.506538 
2504 	 -1340.00 	598.480699    4009586 	 	0.133152 	0.026443 	-7.187855 
2512 	 -1336.00 	600.024918    4012918 	 	0.131834 	0.025964 	-6.961645 
2520 	 -1332.00 	601.564894    4030729 	 	0.130557 	0.025489 	-6.704561 
2528 	 -1328.00 	603.101968    4017115 	 	0.129040 	0.024927 	-6.443487 
2536 	 -1324.00 	604.639353    4021855 	 	0.127995 	0.024526 	-6.245700 
2544 	 -1320.00 	606.173749    4006432 	 	0.126667 	0.024054 	-6.033702 
2552 	 -1316.00 	607.706384    3989921 	 	0.125369 	0.023571 	-5.804028 
2560 	 -1312.00 	609.233894    3993852 	 	0.124269 	0.023180 	-5.628646 
2568 	 -1308.00 	610.759063    3994917 	 	0.123063 	0.022730 	-5.422551 
2576 	 -1304.00 	612.283902    3984992 	 	0.121904 	0.022325 	-5.247614 
2584 	 -1300.00 	613.802860    3974401 	 	0.120347 	0.021778 	-5.007767 
2592 	 -1296.00 	615.320717    3964552 	 	0.119438 	0.021448 	-4.861812 
2600 	 -1292.00 	616.833914    3970517 	 	0.118479 	0.021106 	-4.723187 
2608 	 -1288.00 	618.348021    3956877 	 	0.117551 	0.020751 	-4.565852 
2616 	 -1284.00 	619.856929    3963225 	 	0.116662 	0.020473 	-4.459277 
2624 	 -1280.00 	621.367083    3945107 	 	0.115916 	0.020200 	-4.339344 
2632 	 -1276.00 	622.870270    3952158 	 	0.114853 	0.019859 	-4.205073 
2640 	 -1272.00 	624.372018    3952834 	 	0.113788 	0.019500 	-4.063666 
2648 	 -1268.00 	625.872406    3951041 	 	0.112608 	0.019119 	-3.908358 
2656 	 -1264.00 	627.368572    3939608 	 	0.111577 	0.018797 	-3.797530 
2664 	 -1260.00 	628.861385    3934269 	 	0.110568 	0.018475 	-3.685621 
2672 	 -1256.00 	630.353412    3923104 	 	0.109455 	0.018126 	-3.562609 
2680 	 -1252.00 	631.839905    3920842 	 	0.108209 	0.017764 	-3.443171 
2688 	 -1248.00 	633.324599    3924628 	 	0.107355 	0.017516 	-3.363342 
2696 	 -1244.00 	634.806867    3915577 	 	0.106351 	0.017198 	-3.251284 
2704 	 -1240.00 	636.284636    3901135 	 	0.105568 	0.016930 	-3.147847 
2712 	 -1236.00 	637.760352    3903797 	 	0.104666 	0.016687 	-3.074461 
2720 	 -1232.00 	639.233493    3906587 	 	0.103857 	0.016405 	-2.960923 
2728 	 -1228.00 	640.701225    3920562 	 	0.102784 	0.016107 	-2.869593 
2736 	 -1224.00 	642.168335    3917353 	 	0.102131 	0.015907 	-2.801741 
2744 	 -1220.00 	643.632145    3926397 	 	0.101213 	0.015608 	-2.700723 
2752 	 -1216.00 	645.095161    3916510 	 	0.100240 	0.015314 	-2.602002 
2760 	 -1212.00 	646.553526    3911416 	 	0.099646 	0.015115 	-2.527759 
2768 	 -1208.00 	648.010144    3891061 	 	0.098991 	0.014951 	-2.487846 
2776 	 -1204.00 	649.460499    3894499 	 	0.098077 	0.014665 	-2.391106 
2784 	 -1200.00 	650.910516    3879544 	 	0.097259 	0.014433 	-2.321642 
2792 	 -1196.00 	652.355618    3886434 	 	0.096310 	0.014158 	-2.232478 
2800 	 -1192.00 	653.798281    3894718 	 	0.095566 	0.013948 	-2.173635 
2808 	 -1188.00 	655.239968    3893770 	 	0.094790 	0.013727 	-2.109759 
2816 	 -1184.00 	656.675777    3906956 	 	0.094063 	0.013527 	-2.054099 
2824 	 -1180.00 	658.109028    3914741 	 	0.093583 	0.013366 	-1.998970 
2832 	 -1176.00 	659.539682    3913933 	 	0.092640 	0.013106 	-1.927252 
2840 	 -1172.00 	660.967530    3908694 	 	0.091805 	0.012885 	-1.862276 
2848 	 -1168.00 	662.393321    3906772 	 	0.091015 	0.012689 	-1.816358 
2856 	 -1164.00 	663.814906    3911317 	 	0.090272 	0.012483 	-1.760294 
2864 	 -1160.00 	665.235495    3909021 	 	0.089689 	0.012324 	-1.716006 
2872 	 -1156.00 	666.653189    3914141 	 	0.089029 	0.012158 	-1.671454 
2880 	 -1152.00 	668.063814    3903449 	 	0.088334 	0.011973 	-1.625020 
2888 	 -1148.00 	669.473837    3905157 	 	0.087810 	0.011829 	-1.583831 
2896 	 -1144.00 	670.882527    3894616 	 	0.087213 	0.011670 	-1.547860 
2904 	 -1140.00 	672.286192    3879477 	 	0.086573 	0.011507 	-1.507708 
2912 	 -1136.00 	673.684794    3887512 	 	0.085876 	0.011332 	-1.465215 
2920 	 -1132.00 	675.083090    3881208 	 	0.085404 	0.011203 	-1.430509 
2928 	 -1128.00 	676.475531    3883361 	 	0.084505 	0.010980 	-1.376037 
2936 	 -1124.00 	677.867142    3883267 	 	0.083934 	0.010824 	-1.335650 
2944 	 -1120.00 	679.253970    3886546 	 	0.083331 	0.010672 	-1.300914 
2952 	 -1116.00 	680.636788    3901574 	 	0.082946 	0.010576 	-1.280539 
2960 	 -1112.00 	682.017128    3902055 	 	0.082455 	0.010449 	-1.248839 
2968 	 -1108.00 	683.393515    3915515 	 	0.081874 	0.010304 	-1.213960 
2976 	 -1104.00 	684.768279    3905702 	 	0.081242 	0.010159 	-1.182542 
2984 	 -1100.00 	686.140791    3900087 	 	0.080514 	0.009986 	-1.144947 
2992 	 -1096.00 	687.506635    3900714 	 	0.079955 	0.009833 	-1.104802 
3000 	 -1092.00 	688.870273    3899633 	 	0.079534 	0.009729 	-1.081586 
3008 	 -1088.00 	690.232608    3900155 	 	0.078667 	0.009516 	-1.036664 
3016 	 -1084.00 	691.590118    3908251 	 	0.078083 	0.009387 	-1.013618 
3024 	 -1080.00 	692.945022    3899512 	 	0.077748 	0.009306 	-0.995837 
3032 	 -1076.00 	694.297278    3902668 	 	0.077156 	0.009176 	-0.972060 
3040 	 -1072.00 	695.647483    3890079 	 	0.076618 	0.009050 	-0.945378 
3048 	 -1068.00 	696.995014    3874147 	 	0.076090 	0.008930 	-0.921600 
3056 	 -1064.00 	698.335456    3863154 	 	0.075404 	0.008774 	-0.890085 
3064 	 -1060.00 	699.674936    3856134 	 	0.074922 	0.008659 	-0.868169 
3072 	 -1056.00 	701.008701    3856645 	 	0.074377 	0.008545 	-0.845847 
3080 	 -1052.00 	702.339119    3863402 	 	0.073823 	0.008424 	-0.824684 
3088 	 -1048.00 	703.669503    3846492 	 	0.073376 	0.008314 	-0.801096 
3096 	 -1044.00 	704.994611    3845638 	 	0.073018 	0.008237 	-0.784986 
3104 	 -1040.00 	706.315537    3841605 	 	0.072479 	0.008120 	-0.764964 
3112 	 -1036.00 	707.633559    3840940 	 	0.071957 	0.007999 	-0.742192 
3120 	 -1032.00 	708.945376    3846114 	 	0.071475 	0.007889 	-0.722636 
3128 	 -1028.00 	710.256670    3852972 	 	0.070942 	0.007775 	-0.704616 
3136 	 -1024.00 	711.562754    3854698 	 	0.070544 	0.007691 	-0.691314 
3144 	 -1020.00 	712.865929    3851655 	 	0.069998 	0.007581 	-0.673314 
3152 	 -1016.00 	714.165585    3848691 	 	0.069711 	0.007524 	-0.663188 
3160 	 -1012.00 	715.460298    3851736 	 	0.069185 	0.007413 	-0.645424 
3168 	 -1008.00 	716.754067    3844773 	 	0.068638 	0.007301 	-0.626482 
3176 	 -1004.00 	718.044523    3844959 	 	0.068218 	0.007211 	-0.612745 
3184 	 -1000.00 	719.329224    3841341 	 	0.067751 	0.007108 	-0.594954 
3192 	 -996.00 	720.611057    3842062 	 	0.067294 	0.007017 	-0.580988 
3200 	 -992.00 	721.889372    3841081 	 	0.067070 	0.006966 	-0.571316 
3208 	 -988.00 	723.162915    3860802 	 	0.066646 	0.006875 	-0.555298 
3216 	 -984.00 	724.433469    3848600 	 	0.066126 	0.006771 	-0.538852 
3224 	 -980.00 	725.700484    3850198 	 	0.065714 	0.006679 	-0.522869 
3232 	 -976.00 	726.962882    3838713 	 	0.065371 	0.006608 	-0.511791 
3240 	 -972.00 	728.221498    3842314 	 	0.064880 	0.006514 	-0.497144 
3248 	 -968.00 	729.475628    3850373 	 	0.064508 	0.006438 	-0.485549 
3256 	 -964.00 	730.726330    3860136 	 	0.064109 	0.006360 	-0.474514 
3264 	 -960.00 	731.975699    3852251 	 	0.063661 	0.006269 	-0.461127 
3272 	 -956.00 	733.219173    3855094 	 	0.063324 	0.006201 	-0.450045 
3280 	 -952.00 	734.460388    3844841 	 	0.062808 	0.006109 	-0.437927 
3288 	 -948.00 	735.698571    3848149 	 	0.062357 	0.006032 	-0.428235 
3296 	 -944.00 	736.931092    3846407 	 	0.061935 	0.005954 	-0.418635 
3304 	 -940.00 	738.161213    3840237 	 	0.061599 	0.005883 	-0.406061 
3312 	 -936.00 	739.388582    3837920 	 	0.061300 	0.005827 	-0.397707 
3320 	 -932.00 	740.610502    3835944 	 	0.060986 	0.005762 	-0.389140 
3328 	 -928.00 	741.830094    3831123 	 	0.060646 	0.005694 	-0.379357 
3336 	 -924.00 	743.044662    3826578 	 	0.060256 	0.005627 	-0.371629 
3344 	 -920.00 	744.254751    3828082 	 	0.059970 	0.005569 	-0.363743 
3352 	 -916.00 	745.461180    3831898 	 	0.059569 	0.005492 	-0.353309 
3360 	 -912.00 	746.662974    3842659 	 	0.059136 	0.005417 	-0.343816 
3368 	 -908.00 	747.859014    3854481 	 	0.058748 	0.005346 	-0.334925 
3376 	 -904.00 	749.054407    3853859 	 	0.058331 	0.005280 	-0.327232 
3384 	 -900.00 	750.246703    3859072 	 	0.058045 	0.005225 	-0.320031 
3392 	 -896.00 	751.432910    3853450 	 	0.057609 	0.005155 	-0.312347 
3400 	 -892.00 	752.615645    3861170 	 	0.057359 	0.005111 	-0.307483 
3408 	 -888.00 	753.796093    3854117 	 	0.057059 	0.005056 	-0.300891 
3416 	 -884.00 	754.970027    3847767 	 	0.056768 	0.005001 	-0.293487 
3424 	 -880.00 	756.141271    3851523 	 	0.056591 	0.004962 	-0.288296 
3432 	 -876.00 	757.309299    3842039 	 	0.056149 	0.004885 	-0.279549 
3440 	 -872.00 	758.475195    3825618 	 	0.055873 	0.004838 	-0.274152 
3448 	 -868.00 	759.633434    3836450 	 	0.055554 	0.004780 	-0.267968 
3456 	 -864.00 	760.788956    3829660 	 	0.055169 	0.004714 	-0.260378 
3464 	 -860.00 	761.939458    3831376 	 	0.054950 	0.004677 	-0.257061 
3472 	 -856.00 	763.087993    3823505 	 	0.054569 	0.004621 	-0.251796 
3480 	 -852.00 	764.232617    3816078 	 	0.054354 	0.004589 	-0.249151 
3488 	 -848.00 	765.371826    3816487 	 	0.053939 	0.004522 	-0.242330 
3496 	 -844.00 	766.506382    3812375 	 	0.053614 	0.004476 	-0.238262 
3504 	 -840.00 	767.637071    3821210 	 	0.053230 	0.004412 	-0.231712 
3512 	 -836.00 	768.763221    3827604 	 	0.052972 	0.004368 	-0.226720 
3520 	 -832.00 	769.885140    3824181 	 	0.052570 	0.004307 	-0.221504 
3528 	 -828.00 	771.002823    3821161 	 	0.052257 	0.004260 	-0.217388 
3536 	 -824.00 	772.117737    3823454 	 	0.051974 	0.004221 	-0.215188 
3544 	 -820.00 	773.226197    3836902 	 	0.051673 	0.004171 	-0.210236 
3552 	 -816.00 	774.333064    3842566 	 	0.051320 	0.004111 	-0.203932 
3560 	 -812.00 	775.435159    3842105 	 	0.051096 	0.004074 	-0.200529 
3568 	 -808.00 	776.532912    3845483 	 	0.050836 	0.004036 	-0.196849 
3576 	 -804.00 	777.626323    3838939 	 	0.050515 	0.003984 	-0.191545 
3584 	 -800.00 	778.714910    3835875 	 	0.050144 	0.003926 	-0.186365 
3592 	 -796.00 	779.798914    3831940 	 	0.049946 	0.003897 	-0.183926 
3600 	 -792.00 	780.880437    3829639 	 	0.049629 	0.003853 	-0.180162 
3608 	 -788.00 	781.955466    3839275 	 	0.049441 	0.003820 	-0.176646 
3616 	 -784.00 	783.027659    3835619 	 	0.049304 	0.003793 	-0.173497 
3624 	 -780.00 	784.095413    3838231 	 	0.049128 	0.003762 	-0.170098 
3632 	 -776.00 	785.158019    3840842 	 	0.048877 	0.003723 	-0.166786 
3640 	 -772.00 	786.219467    3827702 	 	0.048624 	0.003682 	-0.162753 
3648 	 -768.00 	787.275797    3824098 	 	0.048338 	0.003649 	-0.161090 
3656 	 -764.00 	788.323656    3836789 	 	0.048165 	0.003621 	-0.158391 
3664 	 -760.00 	789.369974    3834217 	 	0.047841 	0.003570 	-0.153703 
3672 	 -756.00 	790.411274    3838357 	 	0.047666 	0.003540 	-0.150525 
3680 	 -752.00 	791.450150    3836481 	 	0.047553 	0.003524 	-0.149212 
3688 	 -748.00 	792.482167    3849659 	 	0.047287 	0.003482 	-0.145666 
3696 	 -744.00 	793.511077    3847611 	 	0.047175 	0.003466 	-0.144339 
3704 	 -740.00 	794.534757    3854860 	 	0.047022 	0.003445 	-0.142606 
3712 	 -736.00 	795.554008    3859281 	 	0.046691 	0.003399 	-0.139114 
3720 	 -732.00 	796.568336    3853808 	 	0.046438 	0.003359 	-0.135487 
3728 	 -728.00 	797.576979    3854200 	 	0.046187 	0.003325 	-0.133164 
3736 	 -724.00 	798.582528    3859494 	 	0.045994 	0.003298 	-0.131390 
3744 	 -720.00 	799.582815    3866244 	 	0.045777 	0.003265 	-0.128914 
3752 	 -716.00 	800.580145    3870329 	 	0.045522 	0.003231 	-0.126325 
3760 	 -712.00 	801.573218    3865960 	 	0.045261 	0.003196 	-0.123634 
3768 	 -708.00 	802.560828    3851795 	 	0.045106 	0.003173 	-0.121514 
3776 	 -704.00 	803.545308    3843305 	 	0.044905 	0.003142 	-0.119152 
3784 	 -700.00 	804.522890    3831820 	 	0.044554 	0.003100 	-0.116543 
3792 	 -696.00 	805.497196    3832926 	 	0.044381 	0.003073 	-0.114345 
3800 	 -692.00 	806.466478    3819136 	 	0.044223 	0.003048 	-0.111824 
3808 	 -688.00 	807.431545    3827921 	 	0.043978 	0.003015 	-0.109691 
3816 	 -684.00 	808.390401    3824757 	 	0.043768 	0.002985 	-0.107161 
3824 	 -680.00 	809.345492    3827188 	 	0.043502 	0.002949 	-0.104557 
3832 	 -676.00 	810.295688    3825034 	 	0.043287 	0.002920 	-0.102613 
3840 	 -672.00 	811.242501    3830807 	 	0.042989 	0.002883 	-0.100104 
3848 	 -668.00 	812.184705    3821541 	 	0.042685 	0.002847 	-0.097933 
3856 	 -664.00 	813.121837    3827064 	 	0.042475 	0.002818 	-0.095712 
3864 	 -660.00 	814.055096    3820046 	 	0.042321 	0.002797 	-0.094328 
3872 	 -656.00 	814.982897    3821970 	 	0.042144 	0.002773 	-0.092689 
3880 	 -652.00 	815.906791    3819850 	 	0.041885 	0.002740 	-0.090539 
3888 	 -648.00 	816.825027    3814591 	 	0.041727 	0.002720 	-0.089288 
3896 	 -644.00 	817.737993    3810428 	 	0.041416 	0.002681 	-0.086988 
3904 	 -640.00 	818.646726    3811617 	 	0.041202 	0.002653 	-0.085227 
3912 	 -636.00 	819.550614    3806787 	 	0.040941 	0.002622 	-0.083702 
3920 	 -632.00 	820.447891    3823611 	 	0.040849 	0.002605 	-0.082089 
3928 	 -628.00 	821.341804    3818226 	 	0.040646 	0.002585 	-0.081210 
3936 	 -624.00 	822.230548    3815306 	 	0.040492 	0.002565 	-0.080258 
3944 	 -620.00 	823.114982    3820286 	 	0.040364 	0.002544 	-0.078442 
3952 	 -616.00 	823.994194    3833173 	 	0.040153 	0.002516 	-0.076490 
3960 	 -612.00 	824.869265    3824900 	 	0.039889 	0.002482 	-0.074321 
3968 	 -608.00 	825.738078    3841259 	 	0.039665 	0.002458 	-0.073312 
3976 	 -604.00 	826.603185    3846230 	 	0.039520 	0.002442 	-0.072365 
3984 	 -600.00 	827.463409    3859672 	 	0.039376 	0.002425 	-0.071618 
3992 	 -596.00 	828.320455    3860272 	 	0.039202 	0.002404 	-0.070490 
4000 	 -592.00 	829.171677    3858305 	 	0.039079 	0.002389 	-0.069514 
4008 	 -588.00 	830.017347    3850825 	 	0.038875 	0.002364 	-0.068035 
4016 	 -584.00 	830.857316    3856426 	 	0.038737 	0.002347 	-0.067055 
4024 	 -580.00 	831.692849    3860118 	 	0.038598 	0.002328 	-0.065871 
4032 	 -576.00 	832.522002    3870451 	 	0.038437 	0.002310 	-0.064825 
4040 	 -572.00 	833.346471    3863567 	 	0.038270 	0.002288 	-0.063559 
4048 	 -568.00 	834.167170    3861232 	 	0.038101 	0.002269 	-0.062649 
4056 	 -564.00 	834.981137    3858263 	 	0.037924 	0.002250 	-0.061780 
4064 	 -560.00 	835.790987    3862951 	 	0.037768 	0.002232 	-0.061060 
4072 	 -556.00 	836.595668    3862861 	 	0.037586 	0.002211 	-0.059821 
4080 	 -552.00 	837.395092    3870054 	 	0.037429 	0.002194 	-0.058909 
4088 	 -548.00 	838.190436    3866111 	 	0.037284 	0.002175 	-0.057903 
4096 	 -544.00 	838.980349    3866380 	 	0.037197 	0.002163 	-0.057183 
4104 	 -540.00 	839.766593    3872549 	 	0.037081 	0.002147 	-0.056104 
4112 	 -536.00 	840.546466    3864384 	 	0.036913 	0.002129 	-0.055274 
4120 	 -532.00 	841.320827    3871153 	 	0.036805 	0.002114 	-0.054271 
4128 	 -528.00 	842.090912    3874898 	 	0.036597 	0.002092 	-0.053163 
4136 	 -524.00 	842.856369    3872356 	 	0.036468 	0.002077 	-0.052433 
4144 	 -520.00 	843.614722    3870912 	 	0.036242 	0.002052 	-0.051165 
4152 	 -516.00 	844.370344    3872767 	 	0.035999 	0.002026 	-0.049959 
4160 	 -512.00 	845.120357    3870072 	 	0.035814 	0.002007 	-0.049202 
4168 	 -508.00 	845.863639    3868024 	 	0.035632 	0.001988 	-0.048333 
4176 	 -504.00 	846.602963    3865776 	 	0.035526 	0.001977 	-0.047864 
4184 	 -500.00 	847.334683    3874095 	 	0.035364 	0.001960 	-0.047103 
4192 	 -496.00 	848.063863    3865485 	 	0.035229 	0.001944 	-0.046182 
4200 	 -492.00 	848.786257    3866107 	 	0.035024 	0.001920 	-0.045017 
4208 	 -488.00 	849.504469    3862310 	 	0.034902 	0.001905 	-0.044186 
4216 	 -484.00 	850.216263    3868963 	 	0.034768 	0.001893 	-0.043766 
4224 	 -480.00 	850.921567    3877925 	 	0.034577 	0.001870 	-0.042596 
4232 	 -476.00 	851.623837    3875274 	 	0.034424 	0.001853 	-0.041735 
4240 	 -472.00 	852.318861    3885675 	 	0.034262 	0.001836 	-0.040975 
4248 	 -468.00 	853.011342    3888895 	 	0.034146 	0.001824 	-0.040528 
4256 	 -464.00 	853.696680    3883945 	 	0.033961 	0.001804 	-0.039645 
4264 	 -460.00 	854.376635    3884184 	 	0.033850 	0.001792 	-0.038994 
4272 	 -456.00 	855.051925    3874423 	 	0.033692 	0.001774 	-0.038271 
4280 	 -452.00 	855.719992    3876818 	 	0.033492 	0.001754 	-0.037365 
4288 	 -448.00 	856.384157    3869215 	 	0.033384 	0.001743 	-0.036936 
4296 	 -444.00 	857.042368    3870603 	 	0.033164 	0.001723 	-0.036232 
4304 	 -440.00 	857.696860    3865473 	 	0.033025 	0.001708 	-0.035672 
4312 	 -436.00 	858.343399    3868889 	 	0.032911 	0.001697 	-0.035140 
4320 	 -432.00 	858.985259    3874271 	 	0.032801 	0.001684 	-0.034547 
4328 	 -428.00 	859.622041    3869181 	 	0.032658 	0.001670 	-0.034059 
4336 	 -424.00 	860.250352    3888847 	 	0.032503 	0.001654 	-0.033321 
4344 	 -420.00 	860.877250    3890656 	 	0.032350 	0.001637 	-0.032558 
4352 	 -416.00 	861.497668    3889156 	 	0.032216 	0.001624 	-0.032042 
4360 	 -412.00 	862.111989    3887981 	 	0.032085 	0.001610 	-0.031437 
4368 	 -408.00 	862.722505    3889637 	 	0.032027 	0.001603 	-0.031107 
4376 	 -404.00 	863.326447    3891508 	 	0.031876 	0.001590 	-0.030742 
4384 	 -400.00 	863.924765    3882980 	 	0.031765 	0.001579 	-0.030280 
4392 	 -396.00 	864.516914    3884267 	 	0.031675 	0.001570 	-0.029948 
4400 	 -392.00 	865.105183    3878900 	 	0.031588 	0.001560 	-0.029491 
4408 	 -388.00 	865.687045    3877465 	 	0.031465 	0.001549 	-0.029160 
4416 	 -384.00 	866.265239    3863338 	 	0.031309 	0.001534 	-0.028568 
4424 	 -380.00 	866.836285    3862428 	 	0.031156 	0.001519 	-0.028037 
4432 	 -376.00 	867.400515    3862779 	 	0.030985 	0.001502 	-0.027437 
4440 	 -372.00 	867.959872    3869082 	 	0.030865 	0.001489 	-0.026927 
4448 	 -368.00 	868.514740    3864893 	 	0.030756 	0.001480 	-0.026564 
4456 	 -364.00 	869.064044    3855413 	 	0.030620 	0.001468 	-0.026169 
4464 	 -360.00 	869.608602    3850503 	 	0.030461 	0.001454 	-0.025741 
4472 	 -356.00 	870.144792    3848734 	 	0.030329 	0.001442 	-0.025282 
4480 	 -352.00 	870.677023    3859840 	 	0.030228 	0.001432 	-0.024976 
4488 	 -348.00 	871.201982    3860361 	 	0.030066 	0.001417 	-0.024487 
4496 	 -344.00 	871.722619    3858889 	 	0.029917 	0.001402 	-0.023971 
4504 	 -340.00 	872.236294    3860356 	 	0.029830 	0.001395 	-0.023795 
4512 	 -336.00 	872.744977    3866527 	 	0.029702 	0.001383 	-0.023383 
4520 	 -332.00 	873.246325    3871804 	 	0.029605 	0.001373 	-0.023034 
4528 	 -328.00 	873.742797    3874846 	 	0.029518 	0.001365 	-0.022789 
4536 	 -324.00 	874.235843    3868302 	 	0.029413 	0.001354 	-0.022351 
4544 	 -320.00 	874.721794    3865107 	 	0.029303 	0.001344 	-0.021998 
4552 	 -316.00 	875.202137    3863910 	 	0.029183 	0.001331 	-0.021539 
4560 	 -312.00 	875.677374    3859414 	 	0.029036 	0.001319 	-0.021207 
4568 	 -308.00 	876.145500    3848851 	 	0.028897 	0.001308 	-0.020948 
4576 	 -304.00 	876.607521    3855609 	 	0.028768 	0.001296 	-0.020604 
4584 	 -300.00 	877.064761    3854564 	 	0.028677 	0.001288 	-0.020330 
4592 	 -296.00 	877.515471    3846954 	 	0.028547 	0.001277 	-0.019969 
4600 	 -292.00 	877.960610    3845488 	 	0.028464 	0.001268 	-0.019716 
4608 	 -288.00 	878.400021    3840642 	 	0.028361 	0.001260 	-0.019484 
4616 	 -284.00 	878.834021    3833294 	 	0.028270 	0.001251 	-0.019187 
4624 	 -280.00 	879.263145    3836218 	 	0.028180 	0.001243 	-0.018962 
4632 	 -276.00 	879.684920    3842932 	 	0.028107 	0.001236 	-0.018759 
4640 	 -272.00 	880.100931    3842401 	 	0.027976 	0.001226 	-0.018458 
4648 	 -268.00 	880.513252    3838369 	 	0.027850 	0.001215 	-0.018135 
4656 	 -264.00 	880.917122    3839883 	 	0.027694 	0.001201 	-0.017721 
4664 	 -260.00 	881.315619    3840921 	 	0.027575 	0.001192 	-0.017510 
4672 	 -256.00 	881.709273    3836169 	 	0.027439 	0.001181 	-0.017177 
4680 	 -252.00 	882.096383    3829883 	 	0.027364 	0.001173 	-0.016921 
4688 	 -248.00 	882.478715    3826090 	 	0.027292 	0.001167 	-0.016704 
4696 	 -244.00 	882.852790    3828541 	 	0.027191 	0.001158 	-0.016427 
4704 	 -240.00 	883.220253    3839900 	 	0.027128 	0.001154 	-0.016332 
4712 	 -236.00 	883.582013    3855937 	 	0.026978 	0.001143 	-0.016110 
4720 	 -232.00 	883.938497    3857785 	 	0.026866 	0.001133 	-0.015864 
4728 	 -228.00 	884.288581    3860467 	 	0.026768 	0.001124 	-0.015636 
4736 	 -224.00 	884.633659    3852212 	 	0.026692 	0.001118 	-0.015436 
4744 	 -220.00 	884.973232    3857065 	 	0.026586 	0.001108 	-0.015182 
4752 	 -216.00 	885.306410    3850588 	 	0.026476 	0.001100 	-0.014934 
4760 	 -212.00 	885.635027    3850394 	 	0.026381 	0.001092 	-0.014714 
4768 	 -208.00 	885.955420    3853961 	 	0.026250 	0.001082 	-0.014462 
4776 	 -204.00 	886.270948    3858875 	 	0.026148 	0.001074 	-0.014186 
4784 	 -200.00 	886.581755    3848928 	 	0.026035 	0.001063 	-0.013904 
4792 	 -196.00 	886.884892    3845917 	 	0.025970 	0.001058 	-0.013769 
4800 	 -192.00 	887.182789    3851428 	 	0.025847 	0.001048 	-0.013495 
4808 	 -188.00 	887.473133    3854790 	 	0.025764 	0.001040 	-0.013249 
4816 	 -184.00 	887.758834    3852198 	 	0.025649 	0.001031 	-0.013007 
4824 	 -180.00 	888.038528    3850962 	 	0.025561 	0.001023 	-0.012836 
4832 	 -176.00 	888.310974    3851287 	 	0.025475 	0.001016 	-0.012649 
4840 	 -172.00 	888.578112    3848405 	 	0.025420 	0.001012 	-0.012532 
4848 	 -168.00 	888.838619    3851142 	 	0.025312 	0.001004 	-0.012360 
4856 	 -164.00 	889.093308    3849981 	 	0.025199 	0.000995 	-0.012152 
4864 	 -160.00 	889.342396    3847717 	 	0.025112 	0.000988 	-0.011978 
4872 	 -156.00 	889.585368    3847428 	 	0.025003 	0.000980 	-0.011788 
4880 	 -152.00 	889.822806    3841807 	 	0.024900 	0.000972 	-0.011582 
4888 	 -148.00 	890.052381    3841424 	 	0.024794 	0.000964 	-0.011397 
4896 	 -144.00 	890.276698    3837168 	 	0.024707 	0.000957 	-0.011247 
4904 	 -140.00 	890.495678    3830155 	 	0.024598 	0.000949 	-0.011035 
4912 	 -136.00 	890.707286    3831878 	 	0.024531 	0.000942 	-0.010877 
4920 	 -132.00 	890.912010    3835888 	 	0.024430 	0.000935 	-0.010732 
4928 	 -128.00 	891.111796    3841494 	 	0.024369 	0.000931 	-0.010672 
4936 	 -124.00 	891.305418    3843254 	 	0.024287 	0.000925 	-0.010534 
4944 	 -120.00 	891.493605    3843726 	 	0.024227 	0.000921 	-0.010423 
4952 	 -116.00 	891.675215    3841744 	 	0.024163 	0.000917 	-0.010363 
4960 	 -112.00 	891.850928    3831791 	 	0.024080 	0.000911 	-0.010226 
4968 	 -108.00 	892.021563    3824017 	 	0.024052 	0.000907 	-0.010119 
4976 	 -104.00 	892.185799    3822253 	 	0.023983 	0.000902 	-0.010017 
4984 	 -100.00 	892.343457    3823610 	 	0.023928 	0.000896 	-0.009839 
4992 	 -96.00 	892.493946    3831254 	 	0.023830 	0.000890 	-0.009747 
5000 	 -92.00 	892.639010    3827499 	 	0.023738 	0.000884 	-0.009607 
5008 	 -88.00 	892.777187    3832131 	 	0.023672 	0.000879 	-0.009511 
5016 	 -84.00 	892.909945    3823902 	 	0.023599 	0.000874 	-0.009395 
5024 	 -80.00 	893.034971    3833436 	 	0.023518 	0.000868 	-0.009259 
5032 	 -76.00 	893.155433    3828306 	 	0.023447 	0.000863 	-0.009146 
5040 	 -72.00 	893.268956    3832005 	 	0.023376 	0.000857 	-0.009025 
5048 	 -68.00 	893.378918    3825305 	 	0.023305 	0.000853 	-0.008941 
5056 	 -64.00 	893.480529    3827536 	 	0.023230 	0.000847 	-0.008833 
5064 	 -60.00 	893.577039    3822343 	 	0.023161 	0.000842 	-0.008748 
5072 	 -56.00 	893.665812    3819324 	 	0.023062 	0.000835 	-0.008594 
5080 	 -52.00 	893.749157    3812210 	 	0.022983 	0.000830 	-0.008484 
5088 	 -48.00 	893.826108    3810644 	 	0.022934 	0.000826 	-0.008399 
5096 	 -44.00 	893.897142    3812776 	 	0.022849 	0.000820 	-0.008267 
5104 	 -40.00 	893.962164    3817992 	 	0.022794 	0.000816 	-0.008192 
5112 	 -36.00 	894.020218    3820020 	 	0.022728 	0.000810 	-0.008064 
5120 	 -32.00 	894.072988    3819503 	 	0.022668 	0.000806 	-0.007957 
5128 	 -28.00 	894.120155    3815865 	 	0.022618 	0.000802 	-0.007856 
5136 	 -24.00 	894.159062    3828654 	 	0.022570 	0.000798 	-0.007789 
5144 	 -20.00 	894.194002    3830090 	 	0.022506 	0.000795 	-0.007738 
5152 	 -16.00 	894.221372    3833805 	 	0.022430 	0.000788 	-0.007588 
5160 	 -12.00 	894.242914    3828253 	 	0.022362 	0.000783 	-0.007493 
5168 	  -8.00 	894.258535    3828856 	 	0.022309 	0.000779 	-0.007400 
5176 	  -4.00 	894.267590    3823844 	 	0.022221 	0.000774 	-0.007318 
5184 	   0.00 	894.270884    3820801 	 	0.022156 	0.000770 	-0.007246 
5192 	   4.00 	894.269109    3814613 	 	0.022073 	0.000764 	-0.007141 
5200 	   8.00 	894.258850    3821849 	 	0.022017 	0.000760 	-0.007069 
5208 	  12.00 	894.243636    3821647 	 	0.021961 	0.000756 	-0.006995 
5216 	  16.00 	894.221984    3830607 	 	0.021912 	0.000753 	-0.006938 
5224 	  20.00 	894.193920    3836864 	 	0.021855 	0.000749 	-0.006853 
5232 	  24.00 	894.160789    3836340 	 	0.021824 	0.000746 	-0.006791 
5240 	  28.00 	894.120098    3837200 	 	0.021772 	0.000743 	-0.006747 
5248 	  32.00 	894.074105    3836929 	 	0.021691 	0.000738 	-0.006668 
5256 	  36.00 	894.021224    3834990 	 	0.021629 	0.000734 	-0.006605 
5264 	  40.00 	893.961860    3842421 	 	0.021564 	0.000729 	-0.006520 
5272 	  44.00 	893.896264    3842781 	 	0.021487 	0.000724 	-0.006436 
5280 	  48.00 	893.823294    3848443 	 	0.021419 	0.000719 	-0.006354 
5288 	  52.00 	893.745374    3851870 	 	0.021372 	0.000716 	-0.006282 
5296 	  56.00 	893.662467    3851363 	 	0.021316 	0.000712 	-0.006223 
5304 	  60.00 	893.573041    3850014 	 	0.021220 	0.000706 	-0.006120 
5312 	  64.00 	893.478259    3846477 	 	0.021161 	0.000702 	-0.006045 
5320 	  68.00 	893.376618    3842566 	 	0.021105 	0.000698 	-0.005990 
5328 	  72.00 	893.268020    3842620 	 	0.021030 	0.000693 	-0.005902 
5336 	  76.00 	893.154315    3834846 	 	0.020955 	0.000689 	-0.005858 
5344 	  80.00 	893.035204    3824947 	 	0.020889 	0.000685 	-0.005787 
5352 	  84.00 	892.908361    3821980 	 	0.020841 	0.000681 	-0.005722 
5360 	  88.00 	892.775692    3821368 	 	0.020752 	0.000676 	-0.005624 
5368 	  92.00 	892.635843    3821064 	 	0.020674 	0.000671 	-0.005544 
5376 	  96.00 	892.492688    3820719 	 	0.020635 	0.000668 	-0.005490 
5384 	 100.00 	892.341342    3818322 	 	0.020562 	0.000663 	-0.005422 
5392 	 104.00 	892.186329    3815525 	 	0.020498 	0.000659 	-0.005363 
5400 	 108.00 	892.021661    3824469 	 	0.020443 	0.000656 	-0.005289 
5408 	 112.00 	891.853892    3820364 	 	0.020369 	0.000652 	-0.005251 
5416 	 116.00 	891.677960    3821286 	 	0.020264 	0.000645 	-0.005150 
5424 	 120.00 	891.495833    3819913 	 	0.020203 	0.000641 	-0.005074 
5432 	 124.00 	891.308026    3816805 	 	0.020138 	0.000637 	-0.005006 
5440 	 128.00 	891.114350    3814451 	 	0.020086 	0.000634 	-0.004943 
5448 	 132.00 	890.914364    3817014 	 	0.020055 	0.000631 	-0.004893 
5456 	 136.00 	890.707913    3814555 	 	0.019993 	0.000627 	-0.004837 
5464 	 140.00 	890.495805    3812360 	 	0.019927 	0.000623 	-0.004775 
5472 	 144.00 	890.276686    3812866 	 	0.019870 	0.000620 	-0.004729 
5480 	 148.00 	890.052513    3817558 	 	0.019823 	0.000617 	-0.004693 
5488 	 152.00 	889.822051    3812770 	 	0.019719 	0.000611 	-0.004596 
5496 	 156.00 	889.586322    3809462 	 	0.019647 	0.000606 	-0.004546 
5504 	 160.00 	889.343563    3812044 	 	0.019627 	0.000605 	-0.004528 
5512 	 164.00 	889.095305    3805308 	 	0.019627 	0.000604 	-0.004486 
5520 	 168.00 	888.840144    3806352 	 	0.019586 	0.000601 	-0.004450 
5528 	 172.00 	888.577552    3805066 	 	0.019546 	0.000599 	-0.004428 
5536 	 176.00 	888.309467    3804361 	 	0.019524 	0.000598 	-0.004401 
5544 	 180.00 	888.037040    3804726 	 	0.019468 	0.000595 	-0.004373 
5552 	 184.00 	887.758201    3802442 	 	0.019415 	0.000592 	-0.004334 
5560 	 188.00 	887.472902    3799729 	 	0.019371 	0.000589 	-0.004302 
5568 	 192.00 	887.180781    3808633 	 	0.019331 	0.000587 	-0.004264 
5576 	 196.00 	886.883667    3809145 	 	0.019279 	0.000584 	-0.004226 
5584 	 200.00 	886.581474    3801949 	 	0.019215 	0.000581 	-0.004191 
5592 	 204.00 	886.271119    3801678 	 	0.019136 	0.000577 	-0.004143 
5600 	 208.00 	885.956304    3798279 	 	0.019083 	0.000573 	-0.004078 
5608 	 212.00 	885.635273    3788523 	 	0.019022 	0.000570 	-0.004033 
5616 	 216.00 	885.309300    3778436 	 	0.018959 	0.000566 	-0.003990 
5624 	 220.00 	884.976031    3773407 	 	0.018909 	0.000562 	-0.003923 
5632 	 224.00 	884.636961    3771885 	 	0.018868 	0.000560 	-0.003888 
5640 	 228.00 	884.291398    3772024 	 	0.018823 	0.000557 	-0.003838 
5648 	 232.00 	883.940528    3763556 	 	0.018788 	0.000555 	-0.003806 
5656 	 236.00 	883.582784    3768421 	 	0.018732 	0.000551 	-0.003746 
5664 	 240.00 	883.221247    3763745 	 	0.018687 	0.000549 	-0.003724 
5672 	 244.00 	882.851835    3761527 	 	0.018632 	0.000546 	-0.003677 
5680 	 248.00 	882.477863    3761604 	 	0.018602 	0.000543 	-0.003630 
5688 	 252.00 	882.097423    3756239 	 	0.018535 	0.000539 	-0.003583 
5696 	 256.00 	881.710451    3753133 	 	0.018492 	0.000537 	-0.003552 
5704 	 260.00 	881.318200    3754052 	 	0.018450 	0.000535 	-0.003527 
5712 	 264.00 	880.920080    3754972 	 	0.018394 	0.000531 	-0.003481 
5720 	 268.00 	880.516023    3753823 	 	0.018356 	0.000529 	-0.003441 
5728 	 272.00 	880.105996    3752597 	 	0.018310 	0.000526 	-0.003411 
5736 	 276.00 	879.689897    3758165 	 	0.018277 	0.000524 	-0.003380 
5744 	 280.00 	879.268313    3759466 	 	0.018235 	0.000522 	-0.003348 
5752 	 284.00 	878.839814    3759050 	 	0.018221 	0.000521 	-0.003347 
5760 	 288.00 	878.406239    3764448 	 	0.018166 	0.000518 	-0.003303 
5768 	 292.00 	877.966820    3764408 	 	0.018109 	0.000515 	-0.003266 
5776 	 296.00 	877.521210    3760150 	 	0.018048 	0.000512 	-0.003238 
5784 	 300.00 	877.071859    3755138 	 	0.018004 	0.000509 	-0.003202 
5792 	 304.00 	876.615370    3751648 	 	0.017972 	0.000507 	-0.003172 
5800 	 308.00 	876.152375    3755631 	 	0.017930 	0.000505 	-0.003138 
5808 	 312.00 	875.685210    3748776 	 	0.017871 	0.000501 	-0.003098 
5816 	 316.00 	875.211701    3749134 	 	0.017821 	0.000499 	-0.003073 
5824 	 320.00 	874.731916    3747655 	 	0.017754 	0.000495 	-0.003027 
5832 	 324.00 	874.247131    3740519 	 	0.017706 	0.000493 	-0.002994 
5840 	 328.00 	873.756689    3744471 	 	0.017672 	0.000491 	-0.002980 
5848 	 332.00 	873.258211    3757352 	 	0.017624 	0.000488 	-0.002947 
5856 	 336.00 	872.756439    3746112 	 	0.017595 	0.000487 	-0.002943 
5864 	 340.00 	872.248060    3742533 	 	0.017571 	0.000485 	-0.002919 
5872 	 344.00 	871.733972    3737041 	 	0.017563 	0.000485 	-0.002913 
5880 	 348.00 	871.215255    3733778 	 	0.017499 	0.000482 	-0.002874 
5888 	 352.00 	870.689642    3730766 	 	0.017476 	0.000480 	-0.002858 
5896 	 356.00 	870.157123    3724450 	 	0.017436 	0.000478 	-0.002828 
5904 	 360.00 	869.620086    3724367 	 	0.017393 	0.000476 	-0.002818 
5912 	 364.00 	869.075571    3729675 	 	0.017366 	0.000474 	-0.002791 
5920 	 368.00 	868.528065    3729629 	 	0.017332 	0.000472 	-0.002768 
5928 	 372.00 	867.974665    3733251 	 	0.017263 	0.000469 	-0.002732 
5936 	 376.00 	867.414728    3732295 	 	0.017208 	0.000466 	-0.002699 
5944 	 380.00 	866.848737    3727074 	 	0.017151 	0.000463 	-0.002663 
5952 	 384.00 	866.278347    3732775 	 	0.017124 	0.000461 	-0.002648 
5960 	 388.00 	865.702053    3732938 	 	0.017077 	0.000458 	-0.002615 
5968 	 392.00 	865.119728    3729776 	 	0.017078 	0.000459 	-0.002616 
5976 	 396.00 	864.533571    3732583 	 	0.017048 	0.000457 	-0.002596 
5984 	 400.00 	863.940206    3734271 	 	0.016981 	0.000454 	-0.002556 
5992 	 404.00 	863.342418    3735615 	 	0.016919 	0.000450 	-0.002525 
6000 	 408.00 	862.738533    3739091 	 	0.016865 	0.000447 	-0.002481 
6008 	 412.00 	862.129336    3741305 	 	0.016798 	0.000444 	-0.002449 
6016 	 416.00 	861.514539    3745561 	 	0.016783 	0.000443 	-0.002439 
6024 	 420.00 	860.893683    3739080 	 	0.016737 	0.000440 	-0.002417 
6032 	 424.00 	860.267912    3748267 	 	0.016700 	0.000439 	-0.002396 
6040 	 428.00 	859.637592    3735837 	 	0.016682 	0.000437 	-0.002383 
6048 	 432.00 	859.000708    3732495 	 	0.016642 	0.000435 	-0.002355 
6056 	 436.00 	858.358391    3735225 	 	0.016621 	0.000434 	-0.002327 
6064 	 440.00 	857.711301    3738690 	 	0.016573 	0.000432 	-0.002302 
6072 	 444.00 	857.057993    3743123 	 	0.016544 	0.000430 	-0.002284 
6080 	 448.00 	856.399154    3743425 	 	0.016491 	0.000427 	-0.002253 
6088 	 452.00 	855.734145    3749550 	 	0.016469 	0.000426 	-0.002228 
6096 	 456.00 	855.065190    3758957 	 	0.016405 	0.000422 	-0.002196 
6104 	 460.00 	854.391754    3752850 	 	0.016378 	0.000421 	-0.002189 
6112 	 464.00 	853.711274    3754573 	 	0.016351 	0.000420 	-0.002173 
6120 	 468.00 	853.026047    3750026 	 	0.016358 	0.000420 	-0.002169 
6128 	 472.00 	852.334534    3750826 	 	0.016302 	0.000417 	-0.002146 
6136 	 476.00 	851.639352    3741321 	 	0.016283 	0.000416 	-0.002132 
6144 	 480.00 	850.936982    3746677 	 	0.016253 	0.000414 	-0.002103 
6152 	 484.00 	850.230414    3734314 	 	0.016215 	0.000413 	-0.002089 
6160 	 488.00 	849.517614    3742668 	 	0.016210 	0.000412 	-0.002085 
6168 	 492.00 	848.799303    3752252 	 	0.016158 	0.000409 	-0.002057 
6176 	 496.00 	848.076441    3754811 	 	0.016129 	0.000408 	-0.002045 
6184 	 500.00 	847.349692    3752489 	 	0.016081 	0.000406 	-0.002028 
6192 	 504.00 	846.616244    3760286 	 	0.016035 	0.000404 	-0.002004 
6200 	 508.00 	845.879401    3758852 	 	0.016001 	0.000402 	-0.001996 
6208 	 512.00 	845.135524    3766796 	 	0.015975 	0.000401 	-0.001978 
6216 	 516.00 	844.386308    3774370 	 	0.015948 	0.000400 	-0.001966 
6224 	 520.00 	843.633076    3767417 	 	0.015924 	0.000398 	-0.001947 
6232 	 524.00 	842.874035    3770075 	 	0.015887 	0.000397 	-0.001937 
6240 	 528.00 	842.109914    3772447 	 	0.015885 	0.000397 	-0.001943 
6248 	 532.00 	841.341159    3765538 	 	0.015855 	0.000395 	-0.001927 
6256 	 536.00 	840.566774    3760851 	 	0.015827 	0.000394 	-0.001910 
6264 	 540.00 	839.786646    3753460 	 	0.015776 	0.000391 	-0.001887 
6272 	 544.00 	838.999414    3764580 	 	0.015729 	0.000389 	-0.001863 
6280 	 548.00 	838.208192    3766628 	 	0.015718 	0.000388 	-0.001857 
6288 	 552.00 	837.416884    3757471 	 	0.015696 	0.000387 	-0.001840 
6296 	 556.00 	836.616334    3764925 	 	0.015640 	0.000384 	-0.001815 
6304 	 560.00 	835.809018    3777864 	 	0.015636 	0.000384 	-0.001809 
6312 	 564.00 	835.000859    3762617 	 	0.015613 	0.000382 	-0.001794 
6320 	 568.00 	834.186146    3755297 	 	0.015539 	0.000379 	-0.001772 
6328 	 572.00 	833.366142    3766385 	 	0.015520 	0.000378 	-0.001760 
6336 	 576.00 	832.540433    3762347 	 	0.015461 	0.000375 	-0.001737 
6344 	 580.00 	831.709293    3767796 	 	0.015449 	0.000375 	-0.001727 
6352 	 584.00 	830.873624    3768126 	 	0.015433 	0.000374 	-0.001719 
6360 	 588.00 	830.032872    3771790 	 	0.015377 	0.000372 	-0.001706 
6368 	 592.00 	829.187959    3769337 	 	0.015324 	0.000369 	-0.001687 
6376 	 596.00 	828.338084    3769466 	 	0.015253 	0.000367 	-0.001670 
6384 	 600.00 	827.482671    3769725 	 	0.015253 	0.000366 	-0.001664 
6392 	 604.00 	826.622493    3774194 	 	0.015221 	0.000365 	-0.001647 
6400 	 608.00 	825.759071    3768425 	 	0.015191 	0.000363 	-0.001622 
6408 	 612.00 	824.889692    3769934 	 	0.015164 	0.000361 	-0.001605 
6416 	 616.00 	824.014488    3769191 	 	0.015128 	0.000359 	-0.001597 
6424 	 620.00 	823.134925    3762390 	 	0.015112 	0.000359 	-0.001588 
6432 	 624.00 	822.248063    3772865 	 	0.015088 	0.000357 	-0.001577 
6440 	 628.00 	821.358577    3768526 	 	0.015061 	0.000357 	-0.001578 
6448 	 632.00 	820.463495    3770142 	 	0.015040 	0.000356 	-0.001569 
6456 	 636.00 	819.563055    3778825 	 	0.015007 	0.000354 	-0.001555 
6464 	 640.00 	818.659154    3781162 	 	0.014983 	0.000353 	-0.001549 
6472 	 644.00 	817.750684    3780600 	 	0.014950 	0.000352 	-0.001538 
6480 	 648.00 	816.837491    3787358 	 	0.014930 	0.000351 	-0.001532 
6488 	 652.00 	815.917707    3795039 	 	0.014896 	0.000349 	-0.001508 
6496 	 656.00 	814.995079    3792376 	 	0.014876 	0.000348 	-0.001503 
6504 	 660.00 	814.066735    3786246 	 	0.014835 	0.000346 	-0.001490 
6512 	 664.00 	813.133441    3791305 	 	0.014796 	0.000344 	-0.001470 
6520 	 668.00 	812.196897    3796381 	 	0.014773 	0.000344 	-0.001470 
6528 	 672.00 	811.254551    3800846 	 	0.014746 	0.000342 	-0.001461 
6536 	 676.00 	810.307718    3807835 	 	0.014722 	0.000341 	-0.001446 
6544 	 680.00 	809.357011    3815269 	 	0.014708 	0.000340 	-0.001434 
6552 	 684.00 	808.401608    3818043 	 	0.014696 	0.000339 	-0.001420 
6560 	 688.00 	807.441039    3820260 	 	0.014658 	0.000337 	-0.001401 
6568 	 692.00 	806.474060    3823460 	 	0.014634 	0.000336 	-0.001394 
6576 	 696.00 	805.505629    3823555 	 	0.014623 	0.000336 	-0.001389 
6584 	 700.00 	804.530640    3823499 	 	0.014604 	0.000335 	-0.001380 
6592 	 704.00 	803.552196    3817602 	 	0.014572 	0.000333 	-0.001366 
6600 	 708.00 	802.568937    3826070 	 	0.014539 	0.000332 	-0.001355 
6608 	 712.00 	801.579965    3825698 	 	0.014511 	0.000331 	-0.001346 
6616 	 716.00 	800.589404    3811421 	 	0.014473 	0.000329 	-0.001340 
6624 	 720.00 	799.593043    3801985 	 	0.014430 	0.000327 	-0.001322 
6632 	 724.00 	798.591914    3799188 	 	0.014383 	0.000325 	-0.001307 
6640 	 728.00 	797.587660    3784295 	 	0.014335 	0.000323 	-0.001296 
6648 	 732.00 	796.577352    3778752 	 	0.014290 	0.000321 	-0.001283 
6656 	 736.00 	795.560989    3778104 	 	0.014284 	0.000321 	-0.001280 
6664 	 740.00 	794.542404    3764974 	 	0.014261 	0.000320 	-0.001280 
6672 	 744.00 	793.518865    3758020 	 	0.014258 	0.000320 	-0.001270 
6680 	 748.00 	792.490861    3760672 	 	0.014212 	0.000318 	-0.001254 
6688 	 752.00 	791.459856    3760393 	 	0.014179 	0.000316 	-0.001236 
6696 	 756.00 	790.426124    3759891 	 	0.014168 	0.000316 	-0.001233 
6704 	 760.00 	789.384568    3762070 	 	0.014158 	0.000315 	-0.001231 
6712 	 764.00 	788.339260    3767511 	 	0.014107 	0.000313 	-0.001214 
6720 	 768.00 	787.289153    3766202 	 	0.014108 	0.000313 	-0.001213 
6728 	 772.00 	786.233992    3766622 	 	0.014107 	0.000313 	-0.001209 
6736 	 776.00 	785.175680    3759644 	 	0.014077 	0.000311 	-0.001197 
6744 	 780.00 	784.113417    3755814 	 	0.014024 	0.000309 	-0.001175 
6752 	 784.00 	783.046342    3755865 	 	0.014012 	0.000308 	-0.001169 
6760 	 788.00 	781.976119    3755442 	 	0.013991 	0.000307 	-0.001164 
6768 	 792.00 	780.900227    3750719 	 	0.013971 	0.000307 	-0.001158 
6776 	 796.00 	779.819971    3757416 	 	0.013930 	0.000305 	-0.001148 
6784 	 800.00 	778.735273    3753439 	 	0.013901 	0.000304 	-0.001138 
6792 	 804.00 	777.645033    3763316 	 	0.013883 	0.000303 	-0.001128 
6800 	 808.00 	776.551152    3775561 	 	0.013855 	0.000301 	-0.001115 
6808 	 812.00 	775.453999    3768045 	 	0.013815 	0.000299 	-0.001098 
6816 	 816.00 	774.351697    3783406 	 	0.013787 	0.000298 	-0.001092 
6824 	 820.00 	773.245423    3782809 	 	0.013778 	0.000298 	-0.001091 
6832 	 824.00 	772.135122    3779157 	 	0.013761 	0.000297 	-0.001090 
6840 	 828.00 	771.021371    3792881 	 	0.013715 	0.000296 	-0.001079 
6848 	 832.00 	769.901401    3807909 	 	0.013714 	0.000295 	-0.001078 
6856 	 836.00 	768.779315    3815277 	 	0.013697 	0.000295 	-0.001082 
6864 	 840.00 	767.651412    3816984 	 	0.013697 	0.000295 	-0.001079 
6872 	 844.00 	766.521969    3811053 	 	0.013665 	0.000294 	-0.001068 
6880 	 848.00 	765.388616    3800454 	 	0.013613 	0.000292 	-0.001058 
6888 	 852.00 	764.249958    3794099 	 	0.013588 	0.000291 	-0.001046 
6896 	 856.00 	763.105308    3801017 	 	0.013553 	0.000289 	-0.001036 
6904 	 860.00 	761.957621    3799174 	 	0.013530 	0.000288 	-0.001024 
6912 	 864.00 	760.806425    3791162 	 	0.013487 	0.000286 	-0.001012 
6920 	 868.00 	759.652420    3780859 	 	0.013452 	0.000284 	-0.000999 
6928 	 872.00 	758.494285    3774122 	 	0.013438 	0.000284 	-0.000994 
6936 	 876.00 	757.330423    3772024 	 	0.013411 	0.000283 	-0.000989 
6944 	 880.00 	756.162877    3774847 	 	0.013374 	0.000282 	-0.000984 
6952 	 884.00 	754.992273    3769473 	 	0.013353 	0.000281 	-0.000976 
6960 	 888.00 	753.815313    3771196 	 	0.013317 	0.000279 	-0.000967 
6968 	 892.00 	752.635192    3782711 	 	0.013320 	0.000279 	-0.000968 
6976 	 896.00 	751.454576    3774305 	 	0.013345 	0.000280 	-0.000970 
6984 	 900.00 	750.265767    3795047 	 	0.013325 	0.000279 	-0.000963 
6992 	 904.00 	749.072995    3802861 	 	0.013302 	0.000279 	-0.000965 
7000 	 908.00 	747.878042    3798563 	 	0.013265 	0.000277 	-0.000952 
7008 	 912.00 	746.679206    3798486 	 	0.013224 	0.000275 	-0.000938 
7016 	 916.00 	745.476948    3790472 	 	0.013213 	0.000275 	-0.000935 
7024 	 920.00 	744.270828    3788524 	 	0.013162 	0.000273 	-0.000927 
7032 	 924.00 	743.062360    3795802 	 	0.013139 	0.000272 	-0.000917 
7040 	 928.00 	741.849194    3793158 	 	0.013120 	0.000271 	-0.000905 
7048 	 932.00 	740.632094    3792400 	 	0.013110 	0.000270 	-0.000902 
7056 	 936.00 	739.410374    3789288 	 	0.013098 	0.000270 	-0.000897 
7064 	 940.00 	738.185373    3786147 	 	0.013109 	0.000270 	-0.000897 
7072 	 944.00 	736.957624    3776289 	 	0.013063 	0.000268 	-0.000885 
7080 	 948.00 	735.722797    3777925 	 	0.013039 	0.000267 	-0.000875 
7088 	 952.00 	734.483964    3783124 	 	0.013006 	0.000266 	-0.000867 
7096 	 956.00 	733.243849    3778898 	 	0.012980 	0.000265 	-0.000865 
7104 	 960.00 	731.999743    3793054 	 	0.012999 	0.000265 	-0.000866 
7112 	 964.00 	730.750116    3799975 	 	0.012982 	0.000264 	-0.000859 
7120 	 968.00 	729.495930    3789358 	 	0.012963 	0.000264 	-0.000851 
7128 	 972.00 	728.240764    3786430 	 	0.012921 	0.000262 	-0.000836 
7136 	 976.00 	726.981517    3787668 	 	0.012910 	0.000261 	-0.000835 
7144 	 980.00 	725.717597    3798912 	 	0.012888 	0.000261 	-0.000834 
7152 	 984.00 	724.452124    3796678 	 	0.012862 	0.000260 	-0.000830 
7160 	 988.00 	723.180289    3796150 	 	0.012858 	0.000259 	-0.000828 
7168 	 992.00 	721.905844    3804253 	 	0.012826 	0.000258 	-0.000821 
7176 	 996.00 	720.627218    3816375 	 	0.012785 	0.000257 	-0.000815 
7184 	 1000.00 	719.346706    3820712 	 	0.012755 	0.000256 	-0.000808 
7192 	 1004.00 	718.059793    3819050 	 	0.012768 	0.000256 	-0.000812 
7200 	 1008.00 	716.769162    3821785 	 	0.012724 	0.000254 	-0.000798 
7208 	 1012.00 	715.477870    3813341 	 	0.012697 	0.000253 	-0.000790 
7216 	 1016.00 	714.180434    3813371 	 	0.012672 	0.000252 	-0.000782 
7224 	 1020.00 	712.882691    3800023 	 	0.012630 	0.000251 	-0.000772 
7232 	 1024.00 	711.576584    3819621 	 	0.012596 	0.000249 	-0.000764 
7240 	 1028.00 	710.269394    3820937 	 	0.012583 	0.000249 	-0.000761 
7248 	 1032.00 	708.956013    3841619 	 	0.012583 	0.000249 	-0.000759 
7256 	 1036.00 	707.642184    3845035 	 	0.012566 	0.000248 	-0.000755 
7264 	 1040.00 	706.325887    3857420 	 	0.012523 	0.000246 	-0.000748 
7272 	 1044.00 	705.005021    3867454 	 	0.012524 	0.000246 	-0.000741 
7280 	 1048.00 	703.679142    3867180 	 	0.012507 	0.000245 	-0.000738 
7288 	 1052.00 	702.351717    3875284 	 	0.012515 	0.000246 	-0.000739 
7296 	 1056.00 	701.019604    3880431 	 	0.012493 	0.000245 	-0.000733 
7304 	 1060.00 	699.685446    3890539 	 	0.012471 	0.000244 	-0.000728 
7312 	 1064.00 	698.346037    3914222 	 	0.012445 	0.000243 	-0.000724 
7320 	 1068.00 	697.003689    3923581 	 	0.012409 	0.000242 	-0.000720 
7328 	 1072.00 	695.657237    3942535 	 	0.012395 	0.000241 	-0.000716 
7336 	 1076.00 	694.308961    3942474 	 	0.012369 	0.000240 	-0.000706 
7344 	 1080.00 	692.957347    3947150 	 	0.012323 	0.000238 	-0.000697 
7352 	 1084.00 	691.600818    3959140 	 	0.012306 	0.000238 	-0.000693 
7360 	 1088.00 	690.243497    3964272 	 	0.012247 	0.000236 	-0.000684 
7368 	 1092.00 	688.881214    3969392 	 	0.012234 	0.000235 	-0.000679 
7376 	 1096.00 	687.514458    3982178 	 	0.012216 	0.000234 	-0.000672 
7384 	 1100.00 	686.149677    3977262 	 	0.012209 	0.000234 	-0.000668 
7392 	 1104.00 	684.779106    3976171 	 	0.012188 	0.000233 	-0.000666 
7400 	 1108.00 	683.405791    3967999 	 	0.012150 	0.000232 	-0.000655 
7408 	 1112.00 	682.026593    3972851 	 	0.012158 	0.000232 	-0.000654 
7416 	 1116.00 	680.647328    3977211 	 	0.012151 	0.000231 	-0.000654 
7424 	 1120.00 	679.263020    3973473 	 	0.012117 	0.000230 	-0.000652 
7432 	 1124.00 	677.875639    3984934 	 	0.012095 	0.000230 	-0.000647 
7440 	 1128.00 	676.484651    3979960 	 	0.012050 	0.000228 	-0.000635 
7448 	 1132.00 	675.090612    3985317 	 	0.012078 	0.000229 	-0.000639 
7456 	 1136.00 	673.693666    4003321 	 	0.012057 	0.000228 	-0.000644 
7464 	 1140.00 	672.293871    4003950 	 	0.012018 	0.000228 	-0.000643 
7472 	 1144.00 	670.888539    4027162 	 	0.011970 	0.000225 	-0.000628 
7480 	 1148.00 	669.483712    4015326 	 	0.011952 	0.000225 	-0.000625 
7488 	 1152.00 	668.072274    4027732 	 	0.011924 	0.000224 	-0.000619 
7496 	 1156.00 	666.659723    4027746 	 	0.011906 	0.000223 	-0.000615 
7504 	 1160.00 	665.246212    4013483 	 	0.011883 	0.000222 	-0.000613 
7512 	 1164.00 	663.825668    4010303 	 	0.011868 	0.000222 	-0.000611 
7520 	 1168.00 	662.403274    4006747 	 	0.011845 	0.000221 	-0.000608 
7528 	 1172.00 	660.977897    4016040 	 	0.011817 	0.000220 	-0.000601 
7536 	 1176.00 	659.549759    4014483 	 	0.011799 	0.000219 	-0.000596 
7544 	 1180.00 	658.120683    3989597 	 	0.011794 	0.000219 	-0.000591 
7552 	 1184.00 	656.686673    4001373 	 	0.011797 	0.000219 	-0.000591 
7560 	 1188.00 	655.247978    4001149 	 	0.011770 	0.000218 	-0.000586 
7568 	 1192.00 	653.807072    4017333 	 	0.011724 	0.000216 	-0.000578 
7576 	 1196.00 	652.362764    4004013 	 	0.011710 	0.000215 	-0.000571 
7584 	 1200.00 	650.915502    4005886 	 	0.011685 	0.000215 	-0.000570 
7592 	 1204.00 	649.466170    4020441 	 	0.011667 	0.000214 	-0.000565 
7600 	 1208.00 	648.013950    4005308 	 	0.011643 	0.000213 	-0.000565 
7608 	 1212.00 	646.560691    3997194 	 	0.011620 	0.000213 	-0.000560 
7616 	 1216.00 	645.100327    4001256 	 	0.011580 	0.000211 	-0.000554 
7624 	 1220.00 	643.638991    4001504 	 	0.011574 	0.000211 	-0.000550 
7632 	 1224.00 	642.176326    3987513 	 	0.011575 	0.000211 	-0.000548 
7640 	 1228.00 	640.710833    3981093 	 	0.011539 	0.000209 	-0.000542 
7648 	 1232.00 	639.239412    4006310 	 	0.011530 	0.000209 	-0.000541 
7656 	 1236.00 	637.766159    4002217 	 	0.011515 	0.000209 	-0.000540 
7664 	 1240.00 	636.293634    3987132 	 	0.011478 	0.000208 	-0.000534 
7672 	 1244.00 	634.814642    3978543 	 	0.011490 	0.000208 	-0.000534 
7680 	 1248.00 	633.335030    3970222 	 	0.011456 	0.000207 	-0.000528 
7688 	 1252.00 	631.851878    3969465 	 	0.011443 	0.000206 	-0.000523 
7696 	 1256.00 	630.365565    3973124 	 	0.011456 	0.000206 	-0.000523 
7704 	 1260.00 	628.873985    3973520 	 	0.011406 	0.000205 	-0.000516 
7712 	 1264.00 	627.380994    3977479 	 	0.011393 	0.000204 	-0.000515 
7720 	 1268.00 	625.884935    3986311 	 	0.011361 	0.000203 	-0.000512 
7728 	 1272.00 	624.386399    3990382 	 	0.011319 	0.000202 	-0.000505 
7736 	 1276.00 	622.884736    3995581 	 	0.011317 	0.000202 	-0.000506 
7744 	 1280.00 	621.379821    4009171 	 	0.011303 	0.000201 	-0.000499 
7752 	 1284.00 	619.876077    3984926 	 	0.011279 	0.000200 	-0.000495 
7760 	 1288.00 	618.366915    3985534 	 	0.011267 	0.000200 	-0.000492 
7768 	 1292.00 	616.854556    4001584 	 	0.011269 	0.000200 	-0.000491 
7776 	 1296.00 	615.337228    4014116 	 	0.011247 	0.000199 	-0.000490 
7784 	 1300.00 	613.821806    4004089 	 	0.011238 	0.000198 	-0.000486 
7792 	 1304.00 	612.299605    4007480 	 	0.011218 	0.000198 	-0.000484 
7800 	 1308.00 	610.775680    4013580 	 	0.011166 	0.000196 	-0.000479 
7808 	 1312.00 	609.253494    4014916 	 	0.011137 	0.000195 	-0.000473 
7816 	 1316.00 	607.724207    4036469 	 	0.011118 	0.000195 	-0.000472 
7824 	 1320.00 	606.193982    4029558 	 	0.011099 	0.000194 	-0.000467 
7832 	 1324.00 	604.661613    4014471 	 	0.011098 	0.000194 	-0.000465 
7840 	 1328.00 	603.124489    4018241 	 	0.011120 	0.000195 	-0.000467 
7848 	 1332.00 	601.585041    4017627 	 	0.011108 	0.000194 	-0.000463 
7856 	 1336.00 	600.042231    4014719 	 	0.011096 	0.000194 	-0.000462 
7864 	 1340.00 	598.497679    4029547 	 	0.011044 	0.000192 	-0.000456 
7872 	 1344.00 	596.949688    4037413 	 	0.011017 	0.000191 	-0.000450 
7880 	 1348.00 	595.399392    4036329 	 	0.011006 	0.000190 	-0.000446 
7888 	 1352.00 	593.847393    4040531 	 	0.010977 	0.000189 	-0.000441 
7896 	 1356.00 	592.293525    4043388 	 	0.010959 	0.000189 	-0.000437 
7904 	 1360.00 	590.734591    4054975 	 	0.010951 	0.000188 	-0.000437 
7912 	 1364.00 	589.175553    4057161 	 	0.010948 	0.000188 	-0.000435 
7920 	 1368.00 	587.613681    4051794 	 	0.010919 	0.000187 	-0.000432 
7928 	 1372.00 	586.049675    4062416 	 	0.010890 	0.000187 	-0.000428 
7936 	 1376.00 	584.483158    4050861 	 	0.010862 	0.000186 	-0.000426 
7944 	 1380.00 	582.911835    4055284 	 	0.010846 	0.000185 	-0.000423 
7952 	 1384.00 	581.338864    4053020 	 	0.010852 	0.000185 	-0.000419 
7960 	 1388.00 	579.763041    4062514 	 	0.010823 	0.000184 	-0.000418 
7968 	 1392.00 	578.188647    4058711 	 	0.010791 	0.000183 	-0.000412 
7976 	 1396.00 	576.607577    4077868 	 	0.010770 	0.000182 	-0.000411 
7984 	 1400.00 	575.027292    4075859 	 	0.010743 	0.000182 	-0.000406 
7992 	 1404.00 	573.445271    4067458 	 	0.010724 	0.000181 	-0.000407 
8000 	 1408.00 	571.859529    4071992 	 	0.010713 	0.000181 	-0.000404 
8008 	 1412.00 	570.267878    4079068 	 	0.010693 	0.000180 	-0.000401 
8016 	 1416.00 	568.676737    4087121 	 	0.010691 	0.000180 	-0.000402 
8024 	 1420.00 	567.083958    4076622 	 	0.010673 	0.000179 	-0.000401 
8032 	 1424.00 	565.488589    4088031 	 	0.010664 	0.000179 	-0.000398 
8040 	 1428.00 	563.887153    4097415 	 	0.010633 	0.000178 	-0.000393 
8048 	 1432.00 	562.285112    4111401 	 	0.010615 	0.000177 	-0.000386 
8056 	 1436.00 	560.681933    4104112 	 	0.010604 	0.000177 	-0.000384 
8064 	 1440.00 	559.077426    4097837 	 	0.010585 	0.000176 	-0.000384 
8072 	 1444.00 	557.467921    4099882 	 	0.010568 	0.000176 	-0.000378 
8080 	 1448.00 	555.857075    4109375 	 	0.010550 	0.000175 	-0.000377 
8088 	 1452.00 	554.244633    4143393 	 	0.010521 	0.000174 	-0.000372 
8096 	 1456.00 	552.632512    4144238 	 	0.010509 	0.000174 	-0.000372 
8104 	 1460.00 	551.013739    4162345 	 	0.010482 	0.000173 	-0.000372 
8112 	 1464.00 	549.394108    4178308 	 	0.010443 	0.000171 	-0.000363 
8120 	 1468.00 	547.771546    4173360 	 	0.010415 	0.000171 	-0.000361 
8128 	 1472.00 	546.147757    4183810 	 	0.010418 	0.000171 	-0.000361 
8136 	 1476.00 	544.522471    4177185 	 	0.010390 	0.000170 	-0.000358 
8144 	 1480.00 	542.895523    4192530 	 	0.010379 	0.000170 	-0.000356 
8152 	 1484.00 	541.265606    4199443 	 	0.010338 	0.000168 	-0.000351 
8160 	 1488.00 	539.631464    4208731 	 	0.010330 	0.000168 	-0.000350 
8168 	 1492.00 	537.996625    4215780 	 	0.010295 	0.000167 	-0.000343 
8176 	 1496.00 	536.360867    4219723 	 	0.010289 	0.000166 	-0.000340 
8184 	 1500.00 	534.724032    4224199 	 	0.010273 	0.000166 	-0.000340 
8192 	 1504.00 	533.080840    4248550 	 	0.010250 	0.000165 	-0.000336 
8200 	 1508.00 	531.437115    4285245 	 	0.010270 	0.000166 	-0.000339 
8208 	 1512.00 	529.791911    4285999 	 	0.010267 	0.000166 	-0.000338 
8216 	 1516.00 	528.143660    4288632 	 	0.010259 	0.000165 	-0.000338 
8224 	 1520.00 	526.495678    4288159 	 	0.010239 	0.000165 	-0.000337 
8232 	 1524.00 	524.843506    4292542 	 	0.010205 	0.000164 	-0.000332 
8240 	 1528.00 	523.190396    4297319 	 	0.010180 	0.000163 	-0.000330 
8248 	 1532.00 	521.534772    4316218 	 	0.010156 	0.000162 	-0.000328 
8256 	 1536.00 	519.875910    4338788 	 	0.010105 	0.000161 	-0.000323 
8264 	 1540.00 	518.219356    4337281 	 	0.010087 	0.000160 	-0.000321 
8272 	 1544.00 	516.559076    4330589 	 	0.010086 	0.000161 	-0.000322 
8280 	 1548.00 	514.892638    4360286 	 	0.010030 	0.000159 	-0.000316 
8288 	 1552.00 	513.226973    4374563 	 	0.010018 	0.000158 	-0.000314 
8296 	 1556.00 	511.560347    4373582 	 	0.009998 	0.000158 	-0.000309 
8304 	 1560.00 	509.892009    4374125 	 	0.010021 	0.000158 	-0.000311 
8312 	 1564.00 	508.224874    4363894 	 	0.009999 	0.000158 	-0.000307 
8320 	 1568.00 	506.555185    4348368 	 	0.009998 	0.000158 	-0.000309 
8328 	 1572.00 	504.882024    4355896 	 	0.009977 	0.000157 	-0.000306 
8336 	 1576.00 	503.208447    4370961 	 	0.009953 	0.000156 	-0.000303 
8344 	 1580.00 	501.532320    4375395 	 	0.009935 	0.000156 	-0.000300 
8352 	 1584.00 	499.853296    4367153 	 	0.009920 	0.000155 	-0.000298 
8360 	 1588.00 	498.173161    4381192 	 	0.009903 	0.000155 	-0.000297 
8368 	 1592.00 	496.490650    4362918 	 	0.009875 	0.000154 	-0.000292 
8376 	 1596.00 	494.807287    4382731 	 	0.009842 	0.000152 	-0.000287 
8384 	 1600.00 	493.119600    4391728 	 	0.009820 	0.000152 	-0.000286 
8392 	 1604.00 	491.430611    4389476 	 	0.009804 	0.000151 	-0.000284 
8400 	 1608.00 	489.737065    4427836 	 	0.009812 	0.000151 	-0.000282 
8408 	 1612.00 	488.045879    4436389 	 	0.009808 	0.000151 	-0.000281 
8416 	 1616.00 	486.355241    4433106 	 	0.009767 	0.000150 	-0.000280 
8424 	 1620.00 	484.663624    4416741 	 	0.009735 	0.000149 	-0.000278 
8432 	 1624.00 	482.967478    4417108 	 	0.009750 	0.000150 	-0.000277 
8440 	 1628.00 	481.268059    4429438 	 	0.009742 	0.000149 	-0.000275 
8448 	 1632.00 	479.570709    4419867 	 	0.009714 	0.000149 	-0.000274 
8456 	 1636.00 	477.870949    4419616 	 	0.009677 	0.000148 	-0.000268 
8464 	 1640.00 	476.170490    4425917 	 	0.009680 	0.000148 	-0.000270 
8472 	 1644.00 	474.469342    4424107 	 	0.009640 	0.000147 	-0.000267 
8480 	 1648.00 	472.767907    4421002 	 	0.009642 	0.000147 	-0.000267 
8488 	 1652.00 	471.060395    4430952 	 	0.009604 	0.000145 	-0.000261 
8496 	 1656.00 	469.351756    4443399 	 	0.009583 	0.000145 	-0.000260 
8504 	 1660.00 	467.646730    4446494 	 	0.009581 	0.000145 	-0.000259 
8512 	 1664.00 	465.935917    4456479 	 	0.009550 	0.000144 	-0.000256 
8520 	 1668.00 	464.227361    4447691 	 	0.009536 	0.000143 	-0.000253 
8528 	 1672.00 	462.514760    4454783 	 	0.009524 	0.000143 	-0.000252 
8536 	 1676.00 	460.801031    4441614 	 	0.009509 	0.000142 	-0.000249 
8544 	 1680.00 	459.087632    4451449 	 	0.009507 	0.000142 	-0.000249 
8552 	 1684.00 	457.368505    4449592 	 	0.009470 	0.000141 	-0.000245 
8560 	 1688.00 	455.652440    4465277 	 	0.009483 	0.000141 	-0.000245 
8568 	 1692.00 	453.932857    4472671 	 	0.009480 	0.000141 	-0.000245 
8576 	 1696.00 	452.214212    4480405 	 	0.009465 	0.000141 	-0.000243 
8584 	 1700.00 	450.494935    4470949 	 	0.009445 	0.000140 	-0.000242 
8592 	 1704.00 	448.774411    4474530 	 	0.009431 	0.000140 	-0.000241 
8600 	 1708.00 	447.052996    4463462 	 	0.009394 	0.000139 	-0.000236 
8608 	 1712.00 	445.331445    4448701 	 	0.009361 	0.000138 	-0.000234 
8616 	 1716.00 	443.608136    4427724 	 	0.009323 	0.000137 	-0.000230 
8624 	 1720.00 	441.881602    4430611 	 	0.009290 	0.000136 	-0.000225 
8632 	 1724.00 	440.155863    4441404 	 	0.009284 	0.000136 	-0.000225 
8640 	 1728.00 	438.425979    4429585 	 	0.009253 	0.000135 	-0.000223 
8648 	 1732.00 	436.698988    4437228 	 	0.009266 	0.000135 	-0.000223 
8656 	 1736.00 	434.967545    4434841 	 	0.009231 	0.000134 	-0.000220 
8664 	 1740.00 	433.237572    4438929 	 	0.009232 	0.000134 	-0.000220 
8672 	 1744.00 	431.506806    4433865 	 	0.009203 	0.000133 	-0.000218 
8680 	 1748.00 	429.777314    4423571 	 	0.009178 	0.000132 	-0.000214 
8688 	 1752.00 	428.046168    4414560 	 	0.009198 	0.000133 	-0.000216 
8696 	 1756.00 	426.309327    4424659 	 	0.009171 	0.000132 	-0.000214 
8704 	 1760.00 	424.579069    4406567 	 	0.009145 	0.000132 	-0.000214 
8712 	 1764.00 	422.841736    4419162 	 	0.009113 	0.000131 	-0.000212 
8720 	 1768.00 	421.103736    4430637 	 	0.009092 	0.000130 	-0.000209 
8728 	 1772.00 	419.367149    4407256 	 	0.009089 	0.000130 	-0.000209 
8736 	 1776.00 	417.627291    4401983 	 	0.009055 	0.000129 	-0.000207 
8744 	 1780.00 	415.889475    4400620 	 	0.009061 	0.000129 	-0.000205 
8752 	 1784.00 	414.147745    4417326 	 	0.009064 	0.000130 	-0.000207 
8760 	 1788.00 	412.405365    4425591 	 	0.009034 	0.000128 	-0.000203 
8768 	 1792.00 	410.662680    4432700 	 	0.009031 	0.000128 	-0.000201 
8776 	 1796.00 	408.920607    4431502 	 	0.009016 	0.000128 	-0.000202 
8784 	 1800.00 	407.177708    4420806 	 	0.008992 	0.000127 	-0.000201 
8792 	 1804.00 	405.431977    4424563 	 	0.008997 	0.000127 	-0.000199 
8800 	 1808.00 	403.687610    4424807 	 	0.008978 	0.000127 	-0.000197 
8808 	 1812.00 	401.942128    4416887 	 	0.008967 	0.000126 	-0.000195 
8816 	 1816.00 	400.195161    4408973 	 	0.008987 	0.000127 	-0.000199 
8824 	 1820.00 	398.447662    4411316 	 	0.008947 	0.000126 	-0.000194 
8832 	 1824.00 	396.697784    4398429 	 	0.008949 	0.000126 	-0.000194 
8840 	 1828.00 	394.949138    4384431 	 	0.008918 	0.000125 	-0.000193 
8848 	 1832.00 	393.197140    4372304 	 	0.008896 	0.000124 	-0.000190 
8856 	 1836.00 	391.442880    4385525 	 	0.008874 	0.000124 	-0.000189 
8864 	 1840.00 	389.691220    4381093 	 	0.008862 	0.000124 	-0.000188 
8872 	 1844.00 	387.935751    4378018 	 	0.008835 	0.000123 	-0.000185 
8880 	 1848.00 	386.179974    4369101 	 	0.008779 	0.000121 	-0.000181 
8888 	 1852.00 	384.423594    4369061 	 	0.008768 	0.000121 	-0.000181 
8896 	 1856.00 	382.665041    4372203 	 	0.008730 	0.000120 	-0.000178 
8904 	 1860.00 	380.905972    4385423 	 	0.008711 	0.000119 	-0.000176 
8912 	 1864.00 	379.145639    4391195 	 	0.008731 	0.000120 	-0.000176 
8920 	 1868.00 	377.386314    4382899 	 	0.008699 	0.000119 	-0.000176 
8928 	 1872.00 	375.623098    4375357 	 	0.008678 	0.000119 	-0.000174 
8936 	 1876.00 	373.858658    4373899 	 	0.008637 	0.000118 	-0.000171 
8944 	 1880.00 	372.095993    4354657 	 	0.008600 	0.000117 	-0.000169 
8952 	 1884.00 	370.327380    4355203 	 	0.008593 	0.000116 	-0.000167 
8960 	 1888.00 	368.557639    4362958 	 	0.008586 	0.000116 	-0.000166 
8968 	 1892.00 	366.790440    4365088 	 	0.008579 	0.000116 	-0.000165 
8976 	 1896.00 	365.020516    4362760 	 	0.008545 	0.000115 	-0.000163 
8984 	 1900.00 	363.249625    4352455 	 	0.008539 	0.000115 	-0.000162 
8992 	 1904.00 	361.476032    4354709 	 	0.008492 	0.000114 	-0.000159 
9000 	 1908.00 	359.701296    4362175 	 	0.008483 	0.000114 	-0.000158 
9008 	 1912.00 	357.927469    4354193 	 	0.008475 	0.000113 	-0.000157 
9016 	 1916.00 	356.152979    4352199 	 	0.008452 	0.000113 	-0.000155 
9024 	 1920.00 	354.373629    4345465 	 	0.008468 	0.000113 	-0.000156 
9032 	 1924.00 	352.595544    4338310 	 	0.008434 	0.000112 	-0.000154 
9040 	 1928.00 	350.816117    4331369 	 	0.008416 	0.000111 	-0.000152 
9048 	 1932.00 	349.033548    4322234 	 	0.008389 	0.000111 	-0.000150 
9056 	 1936.00 	347.252871    4322055 	 	0.008383 	0.000111 	-0.000149 
9064 	 1940.00 	345.467862    4323669 	 	0.008381 	0.000110 	-0.000150 
9072 	 1944.00 	343.686105    4297431 	 	0.008322 	0.000109 	-0.000145 
9080 	 1948.00 	341.899564    4284161 	 	0.008319 	0.000109 	-0.000144 
9088 	 1952.00 	340.106770    4310781 	 	0.008292 	0.000108 	-0.000143 
9096 	 1956.00 	338.317667    4291789 	 	0.008283 	0.000108 	-0.000142 
9104 	 1960.00 	336.524753    4297206 	 	0.008250 	0.000107 	-0.000140 
9112 	 1964.00 	334.731380    4281627 	 	0.008207 	0.000106 	-0.000138 
9120 	 1968.00 	332.934653    4283087 	 	0.008207 	0.000106 	-0.000138 
9128 	 1972.00 	331.139088    4277319 	 	0.008183 	0.000106 	-0.000137 
9136 	 1976.00 	329.340042    4287047 	 	0.008160 	0.000105 	-0.000136 
9144 	 1980.00 	327.538621    4282414 	 	0.008169 	0.000105 	-0.000135 
9152 	 1984.00 	325.739245    4279699 	 	0.008103 	0.000103 	-0.000130 
9160 	 1988.00 	323.938333    4278494 	 	0.008133 	0.000104 	-0.000132 
9168 	 1992.00 	322.133404    4276778 	 	0.008073 	0.000102 	-0.000129 
9176 	 1996.00 	320.324222    4279022 	 	0.008079 	0.000103 	-0.000130 
9184 	 2000.00 	318.519007    4292954 	 	0.008019 	0.000101 	-0.000125 
9192 	 2004.00 	316.706476    4280689 	 	0.007985 	0.000101 	-0.000125 
9200 	 2008.00 	314.894757    4277910 	 	0.007980 	0.000100 	-0.000125 
9208 	 2012.00 	313.080908    4269216 	 	0.007945 	0.000100 	-0.000123 
9216 	 2016.00 	311.266873    4237415 	 	0.007962 	0.000100 	-0.000123 
9224 	 2020.00 	309.448789    4240202 	 	0.007902 	0.000099 	-0.000121 
9232 	 2024.00 	307.631533    4203377 	 	0.007866 	0.000098 	-0.000118 
9240 	 2028.00 	305.811954    4191815 	 	0.007864 	0.000098 	-0.000118 
9248 	 2032.00 	303.985144    4186163 	 	0.007840 	0.000097 	-0.000116 
9256 	 2036.00 	302.159655    4176595 	 	0.007826 	0.000097 	-0.000115 
9264 	 2040.00 	300.335050    4170670 	 	0.007806 	0.000096 	-0.000114 
9272 	 2044.00 	298.504365    4166690 	 	0.007800 	0.000096 	-0.000113 
9280 	 2048.00 	296.673552    4157934 	 	0.007782 	0.000095 	-0.000112 
9288 	 2052.00 	294.841071    4155076 	 	0.007757 	0.000095 	-0.000111 
9296 	 2056.00 	293.004324    4137365 	 	0.007769 	0.000095 	-0.000111 
9304 	 2060.00 	291.165275    4148998 	 	0.007720 	0.000094 	-0.000109 
9312 	 2064.00 	289.325574    4146388 	 	0.007714 	0.000094 	-0.000108 
9320 	 2068.00 	287.481300    4131675 	 	0.007651 	0.000092 	-0.000105 
9328 	 2072.00 	285.638130    4132620 	 	0.007667 	0.000092 	-0.000105 
9336 	 2076.00 	283.791003    4124104 	 	0.007661 	0.000092 	-0.000105 
9344 	 2080.00 	281.938612    4158702 	 	0.007608 	0.000091 	-0.000101 
9352 	 2084.00 	280.087705    4146629 	 	0.007598 	0.000091 	-0.000101 
9360 	 2088.00 	278.235555    4116119 	 	0.007578 	0.000090 	-0.000099 
9368 	 2092.00 	276.379831    4117327 	 	0.007541 	0.000089 	-0.000097 
9376 	 2096.00 	274.520233    4095640 	 	0.007505 	0.000088 	-0.000096 
9384 	 2100.00 	272.661896    4081656 	 	0.007464 	0.000088 	-0.000094 
9392 	 2104.00 	270.798473    4068757 	 	0.007447 	0.000087 	-0.000094 
9400 	 2108.00 	268.931010    4083440 	 	0.007430 	0.000087 	-0.000094 
9408 	 2112.00 	267.062255    4084986 	 	0.007390 	0.000086 	-0.000093 
9416 	 2116.00 	265.190437    4102725 	 	0.007346 	0.000085 	-0.000090 
9424 	 2120.00 	263.315944    4091970 	 	0.007343 	0.000085 	-0.000091 
9432 	 2124.00 	261.439093    4103464 	 	0.007308 	0.000084 	-0.000088 
9440 	 2128.00 	259.559947    4125378 	 	0.007294 	0.000084 	-0.000088 
9448 	 2132.00 	257.680218    4103175 	 	0.007283 	0.000084 	-0.000086 
9456 	 2136.00 	255.797633    4092385 	 	0.007244 	0.000083 	-0.000085 
9464 	 2140.00 	253.908931    4076912 	 	0.007223 	0.000082 	-0.000083 
9472 	 2144.00 	252.018495    4089909 	 	0.007201 	0.000082 	-0.000083 
9480 	 2148.00 	250.122717    4122149 	 	0.007178 	0.000081 	-0.000081 
9488 	 2152.00 	248.230530    4087894 	 	0.007143 	0.000080 	-0.000080 
9496 	 2156.00 	246.330428    4095254 	 	0.007107 	0.000080 	-0.000078 
9504 	 2160.00 	244.432071    4092298 	 	0.007096 	0.000079 	-0.000078 
9512 	 2164.00 	242.526131    4101614 	 	0.007056 	0.000079 	-0.000077 
9520 	 2168.00 	240.620500    4099923 	 	0.007026 	0.000078 	-0.000075 
9528 	 2172.00 	238.711140    4095936 	 	0.006977 	0.000077 	-0.000073 
9536 	 2176.00 	236.799423    4097070 	 	0.006992 	0.000077 	-0.000073 
9544 	 2180.00 	234.883301    4093557 	 	0.006955 	0.000076 	-0.000072 
9552 	 2184.00 	232.964965    4099140 	 	0.006940 	0.000076 	-0.000071 
9560 	 2188.00 	231.042869    4105033 	 	0.006904 	0.000075 	-0.000070 
9568 	 2192.00 	229.118001    4085348 	 	0.006880 	0.000075 	-0.000068 
9576 	 2196.00 	227.184527    4095626 	 	0.006860 	0.000074 	-0.000068 
9584 	 2200.00 	225.253523    4067674 	 	0.006806 	0.000073 	-0.000066 
9592 	 2204.00 	223.316322    4077275 	 	0.006767 	0.000072 	-0.000065 
9600 	 2208.00 	221.379016    4058662 	 	0.006761 	0.000072 	-0.000064 
9608 	 2212.00 	219.436479    4058634 	 	0.006723 	0.000071 	-0.000062 
9616 	 2216.00 	217.492304    4029209 	 	0.006721 	0.000071 	-0.000062 
9624 	 2220.00 	215.544160    4030386 	 	0.006674 	0.000070 	-0.000061 
9632 	 2224.00 	213.588991    4029873 	 	0.006646 	0.000070 	-0.000059 
9640 	 2228.00 	211.633248    4046906 	 	0.006617 	0.000069 	-0.000059 
9648 	 2232.00 	209.673861    4013072 	 	0.006578 	0.000068 	-0.000057 
9656 	 2236.00 	207.709554    4008834 	 	0.006552 	0.000068 	-0.000056 
9664 	 2240.00 	205.738584    4003353 	 	0.006523 	0.000067 	-0.000055 
9672 	 2244.00 	203.769695    3982307 	 	0.006475 	0.000066 	-0.000053 
9680 	 2248.00 	201.794752    3997773 	 	0.006447 	0.000066 	-0.000053 
9688 	 2252.00 	199.814803    3977203 	 	0.006407 	0.000065 	-0.000052 
9696 	 2256.00 	197.832068    3982388 	 	0.006379 	0.000064 	-0.000050 
9704 	 2260.00 	195.841119    3999225 	 	0.006367 	0.000064 	-0.000050 
9712 	 2264.00 	193.847794    4003686 	 	0.006360 	0.000064 	-0.000049 
9720 	 2268.00 	191.848125    4010557 	 	0.006297 	0.000062 	-0.000048 
9728 	 2272.00 	189.850498    4003559 	 	0.006263 	0.000062 	-0.000047 
9736 	 2276.00 	187.842996    4021217 	 	0.006230 	0.000061 	-0.000046 
9744 	 2280.00 	185.837325    3997912 	 	0.006191 	0.000061 	-0.000045 
9752 	 2284.00 	183.821153    3997529 	 	0.006175 	0.000060 	-0.000044 
9760 	 2288.00 	181.802910    3994736 	 	0.006126 	0.000059 	-0.000043 
9768 	 2292.00 	179.775607    4000965 	 	0.006116 	0.000059 	-0.000042 
9776 	 2296.00 	177.750403    3989446 	 	0.006105 	0.000059 	-0.000042 
9784 	 2300.00 	175.716115    3980404 	 	0.006066 	0.000058 	-0.000041 
9792 	 2304.00 	173.682649    3988251 	 	0.006048 	0.000057 	-0.000040 
9800 	 2308.00 	171.634474    4023625 	 	0.006008 	0.000057 	-0.000039 
9808 	 2312.00 	169.593320    3982194 	 	0.005999 	0.000057 	-0.000039 
9816 	 2316.00 	167.539552    3966776 	 	0.005960 	0.000056 	-0.000038 
9824 	 2320.00 	165.482221    3973054 	 	0.005904 	0.000055 	-0.000037 
9832 	 2324.00 	163.418376    3947297 	 	0.005888 	0.000054 	-0.000036 
9840 	 2328.00 	161.348588    3944730 	 	0.005845 	0.000054 	-0.000036 
9848 	 2332.00 	159.273555    3952262 	 	0.005788 	0.000053 	-0.000034 
9856 	 2336.00 	157.198971    3939282 	 	0.005744 	0.000052 	-0.000033 
9864 	 2340.00 	155.114475    3947439 	 	0.005729 	0.000051 	-0.000032 
9872 	 2344.00 	153.023218    3922951 	 	0.005689 	0.000051 	-0.000032 
9880 	 2348.00 	150.925531    3944261 	 	0.005631 	0.000050 	-0.000030 
9888 	 2352.00 	148.829289    3937040 	 	0.005606 	0.000049 	-0.000029 
9896 	 2356.00 	146.717283    3945848 	 	0.005557 	0.000049 	-0.000029 
9904 	 2360.00 	144.599473    3929565 	 	0.005547 	0.000048 	-0.000028 
9912 	 2364.00 	142.479246    3947277 	 	0.005491 	0.000047 	-0.000027 
9920 	 2368.00 	140.346690    3934886 	 	0.005445 	0.000047 	-0.000026 
9928 	 2372.00 	138.217801    3915058 	 	0.005388 	0.000046 	-0.000025 
9936 	 2376.00 	136.074456    3913111 	 	0.005353 	0.000045 	-0.000025 
9944 	 2380.00 	133.922403    3921343 	 	0.005315 	0.000044 	-0.000024 
9952 	 2384.00 	131.765747    3928438 	 	0.005260 	0.000043 	-0.000023 
9960 	 2388.00 	129.601995    3920774 	 	0.005223 	0.000043 	-0.000022 
9968 	 2392.00 	127.432644    3934983 	 	0.005162 	0.000042 	-0.000021 
9976 	 2396.00 	125.253086    3945526 	 	0.005127 	0.000041 	-0.000021 
9984 	 2400.00 	123.067823    3919889 	 	0.005065 	0.000040 	-0.000020 
9992 	 2404.00 	120.876325    3927190 	 	0.005023 	0.000040 	-0.000019 
10000 	 2408.00 	118.668975    3957955 	 	0.004986 	0.000039 	-0.000019 
10008 	 2412.00 	116.466304    3922060 	 	0.004913 	0.000038 	-0.000018 
10016 	 2416.00 	114.248032    3937826 	 	0.004900 	0.000038 	-0.000017 
10024 	 2420.00 	112.024268    3907651 	 	0.004850 	0.000037 	-0.000016 
10032 	 2424.00 	109.782385    3939043 	 	0.004833 	0.000037 	-0.000016 
10040 	 2428.00 	107.535372    3920044 	 	0.004720 	0.000035 	-0.000015 
10048 	 2432.00 	105.283933    3930190 	 	0.004698 	0.000035 	-0.000015 
10056 	 2436.00 	103.013141    3915731 	 	0.004638 	0.000034 	-0.000014 
10064 	 2440.00 	100.732347    3936569 	 	0.004585 	0.000033 	-0.000013 
10072 	 2444.00 	98.447648    3918480 	 	0.004519 	0.000032 	-0.000013 
10080 	 2448.00 	96.152399    3899661 	 	0.004499 	0.000032 	-0.000012 
10088 	 2452.00 	93.838941    3899825 	 	0.004422 	0.000031 	-0.000011 
10096 	 2456.00 	91.525918    3851334 	 	0.004385 	0.000030 	-0.000011 
10104 	 2460.00 	89.194896    3881411 	 	0.004334 	0.000030 	-0.000010 
10112 	 2464.00 	86.855443    3837831 	 	0.004285 	0.000029 	-0.000010 
10120 	 2468.00 	84.501281    3860872 	 	0.004209 	0.000028 	-0.000009 
10128 	 2472.00 	82.135491    3865440 	 	0.004133 	0.000027 	-0.000009 
10136 	 2476.00 	79.750802    3885301 	 	0.004093 	0.000026 	-0.000008 
10144 	 2480.00 	77.362091    3855250 	 	0.004021 	0.000025 	-0.000008 
10152 	 2484.00 	74.950905    3817451 	 	0.003947 	0.000025 	-0.000007 
10160 	 2488.00 	72.535572    3834312 	 	0.003872 	0.000024 	-0.000007 
10168 	 2492.00 	70.077698    3875404 	 	0.003831 	0.000023 	-0.000006 
10176 	 2496.00 	67.642493    3813740 	 	0.003765 	0.000022 	-0.000006 
10184 	 2500.00 	65.131911    3869137 	 	0.003644 	0.000021 	-0.000005 
10192 	 2504.00 	62.677562    3887890 	 	0.003657 	0.000021 	-0.000005 
10200 	 2508.00 	60.117294    3904304 	 	0.003531 	0.000019 	-0.000004 
10208 	 2512.00 	57.654322    3902099 	 	0.003524 	0.000020 	-0.000005 
10216 	 2516.00 	55.023689    3908523 	 	0.003275 	0.000017 	-0.000004 
10224 	 2520.00 	52.567605    3858392 	 	0.003346 	0.000018 	-0.000004 
10232 	 2524.00 	49.840287    3833938 	 	0.003173 	0.000015 	-0.000003 
10240 	 2528.00 	47.388744    3879630 	 	0.003196 	0.000016 	-0.000003 
10248 	 2532.00 	44.532573    3875689 	 	0.002848 	0.000013 	-0.000002 
10256 	 2536.00 	42.121073    3886225 	 	0.003065 	0.000015 	-0.000002 
10264 	 2540.00 	39.084449    3911462 	 	0.002798 	0.000011 	-0.000001 
10272 	 2544.00 	36.751025    3943304 	 	0.002788 	0.000013 	-0.000002 
10280 	 2548.00 	33.481913    3913095 	 	0.002320 	0.000009 	-0.000001 
10288 	 2552.00 	31.256277    3962894 	 	0.002741 	0.000011 	-0.000001 
10296 	 2556.00 	27.665421    3938292 	 	0.002303 	0.000007 	-0.000000 
10304 	 2560.00 	25.623876    3967302 	 	0.002281 	0.000009 	-0.000001 
10312 	 2564.00 	21.573983    4007831 	 	0.001536 	0.000005 	-0.000000 
10320 	 2568.00 	19.795911    4037075 	 	0.002256 	0.000007 	-0.000000 
10328 	 2572.00 	15.092170    3983927 	 	0.001538 	0.000002 	-0.000000 
10336 	 2576.00 	13.716661    3993074 	 	0.001510 	0.000005 	-0.000000 
10344 	 2580.00 	7.939316    3961219 	 	0.000000 	0.000000 	-0.000000 
10352 	 2584.00 	7.258157    3882286 	 	0.001543 	0.000002 	-0.000000 
10368 	 2592.00 	0.046702    4071563 	 	0.000000 	0.000000 	-0.000000 
