#i 	E(i) 	 	log[g(E)] 	  H(E) 	 	<M> 	 	<M^2> 	 	<M^4>
#----------------------------------------------------------------------------------------------------
0 	 -1568.00 	0.000000     734784 	 	1.000000 	1.000000 	-2435.488382 
16 	 -1560.00 	6.706374     699043 	 	0.997449 	0.994904 	-2410.731395 
24 	 -1556.00 	7.398123     733888 	 	0.994898 	0.989822 	-2386.163632 
32 	 -1552.00 	12.683204     724583 	 	0.994853 	0.989733 	-2385.733803 
40 	 -1548.00 	14.060492     690557 	 	0.992285 	0.984631 	-2361.202245 
48 	 -1544.00 	18.285580     716811 	 	0.992166 	0.984394 	-2360.070657 
56 	 -1540.00 	20.063463     714879 	 	0.989610 	0.979329 	-2335.848838 
64 	 -1536.00 	23.638080     741885 	 	0.989334 	0.978784 	-2333.255422 
72 	 -1532.00 	25.659168     733741 	 	0.986891 	0.973955 	-2310.289159 
80 	 -1528.00 	28.814576     785913 	 	0.986438 	0.973063 	-2306.068564 
88 	 -1524.00 	31.000609     748790 	 	0.984080 	0.968416 	-2284.095012 
96 	 -1520.00 	33.855425     775379 	 	0.983424 	0.967125 	-2278.021899 
104 	 -1516.00 	36.134355     773727 	 	0.981209 	0.962774 	-2257.571741 
112 	 -1512.00 	38.807584     743664 	 	0.980288 	0.960969 	-2249.129083 
120 	 -1508.00 	41.115498     759008 	 	0.978157 	0.956796 	-2229.645325 
128 	 -1504.00 	43.647794     756895 	 	0.977054 	0.954642 	-2219.628720 
136 	 -1500.00 	45.977580     726956 	 	0.975094 	0.950817 	-2201.883837 
144 	 -1496.00 	48.406842     742023 	 	0.973785 	0.948267 	-2190.104531 
152 	 -1492.00 	50.726179     736314 	 	0.971980 	0.944754 	-2173.911746 
160 	 -1488.00 	53.096582     754116 	 	0.970482 	0.941848 	-2160.574765 
168 	 -1484.00 	55.396598     731517 	 	0.968726 	0.938444 	-2144.996512 
176 	 -1480.00 	57.696357     766144 	 	0.967129 	0.935354 	-2130.916826 
184 	 -1476.00 	59.976560     746479 	 	0.965359 	0.931935 	-2115.382821 
192 	 -1472.00 	62.240039     758771 	 	0.963696 	0.928728 	-2100.865275 
200 	 -1468.00 	64.482780     759093 	 	0.962045 	0.925551 	-2086.526619 
208 	 -1464.00 	66.719226     748798 	 	0.960296 	0.922191 	-2071.426141 
216 	 -1460.00 	68.934779     750397 	 	0.958566 	0.918874 	-2056.574268 
224 	 -1456.00 	71.130593     748425 	 	0.956782 	0.915460 	-2041.348382 
232 	 -1452.00 	73.328688     744177 	 	0.955102 	0.912248 	-2027.055831 
240 	 -1448.00 	75.498077     758335 	 	0.953241 	0.908702 	-2011.366145 
248 	 -1444.00 	77.661442     746563 	 	0.951352 	0.905106 	-1995.514920 
256 	 -1440.00 	79.809831     753782 	 	0.949595 	0.901770 	-1980.849423 
264 	 -1436.00 	81.959034     744613 	 	0.947673 	0.898129 	-1964.930302 
272 	 -1432.00 	84.085467     743757 	 	0.945711 	0.894417 	-1948.765851 
280 	 -1428.00 	86.203654     748545 	 	0.943862 	0.890928 	-1933.620390 
288 	 -1424.00 	88.313141     737564 	 	0.941850 	0.887139 	-1917.257318 
296 	 -1420.00 	90.409096     738835 	 	0.939714 	0.883129 	-1900.045827 
304 	 -1416.00 	92.501103     739292 	 	0.937804 	0.879547 	-1884.698413 
312 	 -1412.00 	94.577026     742338 	 	0.935703 	0.875621 	-1867.990346 
320 	 -1408.00 	96.650353     741533 	 	0.933738 	0.871950 	-1852.393985 
328 	 -1404.00 	98.706387     745503 	 	0.931890 	0.868503 	-1837.777777 
336 	 -1400.00 	100.756436     761528 	 	0.929885 	0.864776 	-1822.099118 
344 	 -1396.00 	102.803019     770139 	 	0.927722 	0.860768 	-1805.325638 
352 	 -1392.00 	104.836152     781017 	 	0.925734 	0.857086 	-1789.947265 
360 	 -1388.00 	106.861860     770503 	 	0.923697 	0.853326 	-1774.321511 
368 	 -1384.00 	108.882306     769360 	 	0.921558 	0.849387 	-1758.054390 
376 	 -1380.00 	110.893188     774969 	 	0.919451 	0.845517 	-1742.140514 
384 	 -1376.00 	112.893852     768030 	 	0.917164 	0.841324 	-1724.973656 
392 	 -1372.00 	114.892568     781605 	 	0.915182 	0.837698 	-1710.189347 
400 	 -1368.00 	116.877853     765324 	 	0.912985 	0.833687 	-1693.909217 
408 	 -1364.00 	118.867045     766338 	 	0.910749 	0.829623 	-1677.539355 
416 	 -1360.00 	120.838645     770316 	 	0.908699 	0.825902 	-1662.594783 
424 	 -1356.00 	122.812355     761393 	 	0.906481 	0.821882 	-1646.504364 
432 	 -1352.00 	124.780288     760157 	 	0.904048 	0.817493 	-1629.101731 
440 	 -1348.00 	126.739484     753824 	 	0.901803 	0.813451 	-1613.134375 
448 	 -1344.00 	128.689223     752994 	 	0.899324 	0.809003 	-1595.665280 
456 	 -1340.00 	130.638343     738773 	 	0.896982 	0.804808 	-1579.264542 
464 	 -1336.00 	132.583039     729690 	 	0.894596 	0.800547 	-1562.706889 
472 	 -1332.00 	134.518265     727282 	 	0.892022 	0.795973 	-1545.079763 
480 	 -1328.00 	136.447556     718993 	 	0.889788 	0.792001 	-1529.770521 
488 	 -1324.00 	138.377767     720337 	 	0.887271 	0.787535 	-1512.623284 
496 	 -1320.00 	140.294687     710041 	 	0.884564 	0.782768 	-1494.599451 
504 	 -1316.00 	142.210652     712983 	 	0.881990 	0.778249 	-1477.605327 
512 	 -1312.00 	144.111693     709899 	 	0.879128 	0.773241 	-1458.882316 
520 	 -1308.00 	146.018652     714867 	 	0.876614 	0.768858 	-1442.619689 
528 	 -1304.00 	147.920147     708010 	 	0.874079 	0.764441 	-1426.244151 
536 	 -1300.00 	149.811916     718519 	 	0.871279 	0.759579 	-1408.372604 
544 	 -1296.00 	151.698165     716079 	 	0.868525 	0.754824 	-1391.045301 
552 	 -1292.00 	153.583417     713789 	 	0.866070 	0.750567 	-1375.430939 
560 	 -1288.00 	155.465249     712313 	 	0.863082 	0.745442 	-1357.012666 
568 	 -1284.00 	157.339727     714501 	 	0.860164 	0.740445 	-1339.129243 
576 	 -1280.00 	159.214495     712669 	 	0.857270 	0.735504 	-1321.526247 
584 	 -1276.00 	161.076598     710750 	 	0.854358 	0.730561 	-1304.116306 
592 	 -1272.00 	162.938141     710406 	 	0.851676 	0.725999 	-1287.986455 
600 	 -1268.00 	164.796091     712851 	 	0.848604 	0.720824 	-1270.039321 
608 	 -1264.00 	166.654478     705936 	 	0.845652 	0.715848 	-1252.772120 
616 	 -1260.00 	168.509188     700637 	 	0.842421 	0.710437 	-1234.219399 
624 	 -1256.00 	170.358128     693312 	 	0.839288 	0.705205 	-1216.379618 
632 	 -1252.00 	172.199777     698259 	 	0.836343 	0.700287 	-1199.625748 
640 	 -1248.00 	174.037300     688808 	 	0.832951 	0.694698 	-1181.029606 
648 	 -1244.00 	175.873313     691917 	 	0.829760 	0.689426 	-1163.412757 
656 	 -1240.00 	177.706559     690038 	 	0.826637 	0.684323 	-1146.708653 
664 	 -1236.00 	179.534619     686238 	 	0.823475 	0.679185 	-1130.017576 
672 	 -1232.00 	181.356478     688455 	 	0.820180 	0.673826 	-1112.652202 
680 	 -1228.00 	183.179581     681851 	 	0.816658 	0.668214 	-1094.925189 
688 	 -1224.00 	185.001606     680268 	 	0.812812 	0.662053 	-1075.481013 
696 	 -1220.00 	186.813970     676805 	 	0.808956 	0.655961 	-1056.499142 
704 	 -1216.00 	188.628533     664079 	 	0.805557 	0.650486 	-1039.325820 
712 	 -1212.00 	190.437696     671399 	 	0.802070 	0.645028 	-1022.683192 
720 	 -1208.00 	192.241221     667840 	 	0.798259 	0.639020 	-1004.207902 
728 	 -1204.00 	194.044488     661518 	 	0.794473 	0.633158 	-986.699304 
736 	 -1200.00 	195.841429     662940 	 	0.789797 	0.625977 	-965.623415 
744 	 -1196.00 	197.639455     659920 	 	0.785274 	0.619094 	-945.533240 
752 	 -1192.00 	199.429479     659168 	 	0.780885 	0.612388 	-926.117980 
760 	 -1188.00 	201.227384     657102 	 	0.776524 	0.605738 	-907.143449 
768 	 -1184.00 	203.017075     653516 	 	0.771575 	0.598341 	-886.215122 
776 	 -1180.00 	204.809261     645856 	 	0.766960 	0.591442 	-866.883785 
784 	 -1176.00 	206.595559     640321 	 	0.762307 	0.584534 	-847.924154 
792 	 -1172.00 	208.375500     649284 	 	0.757799 	0.577920 	-829.879876 
800 	 -1168.00 	210.157373     644249 	 	0.752047 	0.569854 	-808.882833 
808 	 -1164.00 	211.930855     650296 	 	0.747084 	0.562590 	-789.467586 
816 	 -1160.00 	213.706987     653387 	 	0.741934 	0.555231 	-770.363391 
824 	 -1156.00 	215.482322     645973 	 	0.735647 	0.546630 	-749.169560 
832 	 -1152.00 	217.252509     652661 	 	0.730537 	0.539534 	-731.251941 
840 	 -1148.00 	219.016589     649888 	 	0.725363 	0.532301 	-713.276806 
848 	 -1144.00 	220.780338     649453 	 	0.719314 	0.524118 	-693.483881 
856 	 -1140.00 	222.542860     655705 	 	0.713383 	0.516261 	-675.204406 
864 	 -1136.00 	224.305461     655151 	 	0.707941 	0.508752 	-657.035983 
872 	 -1132.00 	226.065436     655120 	 	0.702246 	0.501380 	-640.006865 
880 	 -1128.00 	227.821582     660344 	 	0.696176 	0.493534 	-622.318929 
888 	 -1124.00 	229.580566     654650 	 	0.689975 	0.485637 	-604.740952 
896 	 -1120.00 	231.336334     650466 	 	0.683833 	0.477915 	-587.738611 
904 	 -1116.00 	233.087638     648308 	 	0.677469 	0.469630 	-569.175865 
912 	 -1112.00 	234.840817     642441 	 	0.670129 	0.460799 	-551.148829 
920 	 -1108.00 	236.587860     643294 	 	0.662631 	0.451604 	-532.215110 
928 	 -1104.00 	238.335977     646117 	 	0.655418 	0.442823 	-514.122071 
936 	 -1100.00 	240.081873     642582 	 	0.646209 	0.432217 	-493.699784 
944 	 -1096.00 	241.829168     634476 	 	0.638631 	0.423259 	-476.200506 
952 	 -1092.00 	243.570672     640801 	 	0.631807 	0.415177 	-460.237671 
960 	 -1088.00 	245.317089     637629 	 	0.623819 	0.405670 	-442.012211 
968 	 -1084.00 	247.055969     641912 	 	0.617444 	0.398298 	-428.101916 
976 	 -1080.00 	248.795803     636105 	 	0.608909 	0.388588 	-410.455536 
984 	 -1076.00 	250.528758     636702 	 	0.598670 	0.377812 	-392.187012 
992 	 -1072.00 	252.265104     640152 	 	0.589967 	0.368358 	-375.926523 
1000 	 -1068.00 	253.996607     637846 	 	0.579660 	0.357370 	-357.467188 
1008 	 -1064.00 	255.728824     633858 	 	0.569882 	0.347464 	-341.739269 
1016 	 -1060.00 	257.461952     639340 	 	0.560639 	0.337689 	-325.766837 
1024 	 -1056.00 	259.193701     636448 	 	0.550678 	0.327771 	-310.203365 
1032 	 -1052.00 	260.920789     643539 	 	0.543433 	0.320136 	-297.818990 
1040 	 -1048.00 	262.646951     645539 	 	0.531596 	0.308733 	-280.887879 
1048 	 -1044.00 	264.376342     643135 	 	0.524281 	0.301704 	-270.762441 
1056 	 -1040.00 	266.100720     635520 	 	0.514967 	0.292691 	-257.363047 
1064 	 -1036.00 	267.819989     640425 	 	0.505925 	0.284743 	-246.794703 
1072 	 -1032.00 	269.542676     634099 	 	0.497678 	0.276646 	-234.999295 
1080 	 -1028.00 	271.261483     635114 	 	0.489063 	0.268696 	-224.120459 
1088 	 -1024.00 	272.979072     626927 	 	0.481218 	0.261436 	-214.181641 
1096 	 -1020.00 	274.696494     622457 	 	0.472934 	0.253755 	-203.754662 
1104 	 -1016.00 	276.406554     624393 	 	0.463684 	0.245634 	-193.651816 
1112 	 -1012.00 	278.113015     620402 	 	0.454955 	0.238144 	-184.478111 
1120 	 -1008.00 	279.818951     623141 	 	0.445474 	0.229919 	-174.504752 
1128 	 -1004.00 	281.524678     615375 	 	0.437925 	0.223076 	-165.924003 
1136 	 -1000.00 	283.225233     615822 	 	0.429634 	0.215951 	-157.320789 
1144 	 -996.00 	284.928170     616552 	 	0.420870 	0.208445 	-148.418481 
1152 	 -992.00 	286.626033     612913 	 	0.412463 	0.201568 	-140.656921 
1160 	 -988.00 	288.326086     615057 	 	0.404899 	0.195058 	-133.145059 
1168 	 -984.00 	290.026344     613560 	 	0.396460 	0.188214 	-125.592864 
1176 	 -980.00 	291.719221     602571 	 	0.388411 	0.181832 	-118.869862 
1184 	 -976.00 	293.408012     605456 	 	0.381206 	0.175853 	-112.164813 
1192 	 -972.00 	295.092334     599779 	 	0.374175 	0.170087 	-105.946210 
1200 	 -968.00 	296.777448     602252 	 	0.365982 	0.164069 	-100.234432 
1208 	 -964.00 	298.457173     594196 	 	0.358014 	0.157839 	-94.048271 
1216 	 -960.00 	300.134685     596961 	 	0.350955 	0.152666 	-89.021932 
1224 	 -956.00 	301.813456     587654 	 	0.342873 	0.146895 	-83.729737 
1232 	 -952.00 	303.490655     588664 	 	0.335055 	0.141223 	-78.539138 
1240 	 -948.00 	305.161551     586235 	 	0.327990 	0.136381 	-74.274300 
1248 	 -944.00 	306.827756     586983 	 	0.320653 	0.131113 	-69.710936 
1256 	 -940.00 	308.496583     587716 	 	0.312566 	0.125607 	-65.235578 
1264 	 -936.00 	310.160152     589496 	 	0.306493 	0.121565 	-61.772684 
1272 	 -932.00 	311.818906     588243 	 	0.300630 	0.117302 	-58.065040 
1280 	 -928.00 	313.481681     590152 	 	0.294950 	0.113680 	-55.139435 
1288 	 -924.00 	315.136918     589781 	 	0.288172 	0.109145 	-51.530935 
1296 	 -920.00 	316.788285     588495 	 	0.280962 	0.104454 	-48.004711 
1304 	 -916.00 	318.437159     588577 	 	0.275092 	0.100871 	-45.485442 
1312 	 -912.00 	320.084359     586475 	 	0.270599 	0.097906 	-43.202787 
1320 	 -908.00 	321.724779     590446 	 	0.265316 	0.094634 	-40.898795 
1328 	 -904.00 	323.365424     585161 	 	0.258296 	0.090551 	-38.221214 
1336 	 -900.00 	324.997366     592471 	 	0.252641 	0.086965 	-35.633409 
1344 	 -896.00 	326.632130     591375 	 	0.246906 	0.083286 	-33.074669 
1352 	 -892.00 	328.258058     594391 	 	0.243763 	0.081210 	-31.515985 
1360 	 -888.00 	329.888623     590701 	 	0.238281 	0.078315 	-29.927601 
1368 	 -884.00 	331.511314     586619 	 	0.233899 	0.075723 	-28.239240 
1376 	 -880.00 	333.126186     588784 	 	0.228275 	0.072779 	-26.537535 
1384 	 -876.00 	334.740370     594379 	 	0.224158 	0.070614 	-25.302012 
1392 	 -872.00 	336.350711     591494 	 	0.219612 	0.068166 	-23.887580 
1400 	 -868.00 	337.957353     590313 	 	0.216458 	0.066533 	-22.938311 
1408 	 -864.00 	339.560168     588994 	 	0.211825 	0.063730 	-21.148524 
1416 	 -860.00 	341.156633     599705 	 	0.206330 	0.060970 	-19.748309 
1424 	 -856.00 	342.749373     599780 	 	0.202356 	0.058685 	-18.405988 
1432 	 -852.00 	344.343785     595810 	 	0.199075 	0.056670 	-17.186696 
1440 	 -848.00 	345.928347     595820 	 	0.195296 	0.054627 	-16.057568 
1448 	 -844.00 	347.511987     596725 	 	0.193245 	0.053481 	-15.403871 
1456 	 -840.00 	349.089569     592419 	 	0.190639 	0.052032 	-14.576738 
1464 	 -836.00 	350.662186     596179 	 	0.188113 	0.050631 	-13.865213 
1472 	 -832.00 	352.232647     595354 	 	0.185068 	0.048980 	-13.017050 
1480 	 -828.00 	353.802102     596140 	 	0.183224 	0.048057 	-12.598673 
1488 	 -824.00 	355.366247     598745 	 	0.179921 	0.046555 	-11.913244 
1496 	 -820.00 	356.922457     592797 	 	0.176620 	0.044997 	-11.199097 
1504 	 -816.00 	358.476720     588802 	 	0.173631 	0.043595 	-10.619239 
1512 	 -812.00 	360.025223     590572 	 	0.170885 	0.042241 	-9.992712 
1520 	 -808.00 	361.571764     590699 	 	0.168304 	0.041143 	-9.606235 
1528 	 -804.00 	363.117435     588560 	 	0.166253 	0.040195 	-9.204886 
1536 	 -800.00 	364.658776     586331 	 	0.163209 	0.038727 	-8.583374 
1544 	 -796.00 	366.194479     587772 	 	0.160878 	0.037757 	-8.207571 
1552 	 -792.00 	367.723929     589465 	 	0.158148 	0.036605 	-7.796768 
1560 	 -788.00 	369.248046     591826 	 	0.156059 	0.035723 	-7.476029 
1568 	 -784.00 	370.765838     587725 	 	0.153492 	0.034652 	-7.096431 
1576 	 -780.00 	372.281583     587595 	 	0.151622 	0.033885 	-6.783247 
1584 	 -776.00 	373.792450     585290 	 	0.149634 	0.033018 	-6.444276 
1592 	 -772.00 	375.299007     584279 	 	0.147480 	0.032179 	-6.179996 
1600 	 -768.00 	376.798752     579646 	 	0.145537 	0.031314 	-5.841809 
1608 	 -764.00 	378.294690     577759 	 	0.142391 	0.029998 	-5.384089 
1616 	 -760.00 	379.788456     578202 	 	0.140495 	0.029293 	-5.145716 
1624 	 -756.00 	381.277659     574139 	 	0.137689 	0.028193 	-4.818541 
1632 	 -752.00 	382.758521     576094 	 	0.135982 	0.027501 	-4.584963 
1640 	 -748.00 	384.235986     571942 	 	0.133887 	0.026692 	-4.339778 
1648 	 -744.00 	385.709992     573000 	 	0.132546 	0.026123 	-4.137926 
1656 	 -740.00 	387.178303     573265 	 	0.130528 	0.025427 	-3.945941 
1664 	 -736.00 	388.645199     572869 	 	0.128913 	0.024860 	-3.810089 
1672 	 -732.00 	390.104729     575170 	 	0.126662 	0.024105 	-3.609191 
1680 	 -728.00 	391.559351     575005 	 	0.125259 	0.023563 	-3.438335 
1688 	 -724.00 	393.006282     579198 	 	0.123272 	0.022892 	-3.257908 
1696 	 -720.00 	394.450720     571725 	 	0.122188 	0.022523 	-3.170791 
1704 	 -716.00 	395.884969     581073 	 	0.120207 	0.021867 	-3.004631 
1712 	 -712.00 	397.318846     582881 	 	0.118018 	0.021102 	-2.805037 
1720 	 -708.00 	398.749428     581307 	 	0.116701 	0.020639 	-2.690050 
1728 	 -704.00 	400.175726     579341 	 	0.114717 	0.019992 	-2.548973 
1736 	 -700.00 	401.594992     583380 	 	0.113144 	0.019486 	-2.427489 
1744 	 -696.00 	403.010971     579059 	 	0.111796 	0.019103 	-2.353478 
1752 	 -692.00 	404.419711     580984 	 	0.110537 	0.018653 	-2.236214 
1760 	 -688.00 	405.821571     587234 	 	0.108954 	0.018132 	-2.125139 
1768 	 -684.00 	407.221507     586006 	 	0.107714 	0.017773 	-2.049368 
1776 	 -680.00 	408.613077     590347 	 	0.106609 	0.017348 	-1.952555 
1784 	 -676.00 	410.003345     585364 	 	0.105680 	0.017017 	-1.870608 
1792 	 -672.00 	411.384083     588156 	 	0.104632 	0.016662 	-1.795244 
1800 	 -668.00 	412.759323     590683 	 	0.103326 	0.016238 	-1.707120 
1808 	 -664.00 	414.128770     588614 	 	0.102391 	0.015996 	-1.669788 
1816 	 -660.00 	415.494436     594118 	 	0.101679 	0.015715 	-1.602160 
1824 	 -656.00 	416.856913     589332 	 	0.100130 	0.015226 	-1.501314 
1832 	 -652.00 	418.213114     590724 	 	0.099174 	0.014994 	-1.474024 
1840 	 -648.00 	419.559546     589104 	 	0.098097 	0.014660 	-1.403251 
1848 	 -644.00 	420.899094     595861 	 	0.097222 	0.014347 	-1.331230 
1856 	 -640.00 	422.236498     601463 	 	0.096108 	0.014022 	-1.271281 
1864 	 -636.00 	423.568862     598668 	 	0.095544 	0.013865 	-1.242301 
1872 	 -632.00 	424.898793     597602 	 	0.094490 	0.013536 	-1.183694 
1880 	 -628.00 	426.218768     596600 	 	0.093626 	0.013327 	-1.153306 
1888 	 -624.00 	427.530914     598329 	 	0.092814 	0.013096 	-1.116339 
1896 	 -620.00 	428.841964     596676 	 	0.091634 	0.012792 	-1.074084 
1904 	 -616.00 	430.144670     599472 	 	0.091041 	0.012597 	-1.033850 
1912 	 -612.00 	431.442949     595979 	 	0.090068 	0.012335 	-0.991509 
1920 	 -608.00 	432.733346     593880 	 	0.089387 	0.012135 	-0.962697 
1928 	 -604.00 	434.016824     594426 	 	0.087834 	0.011753 	-0.907075 
1936 	 -600.00 	435.297856     590875 	 	0.086939 	0.011544 	-0.877650 
1944 	 -596.00 	436.570202     597383 	 	0.086102 	0.011316 	-0.846709 
1952 	 -592.00 	437.835586     603616 	 	0.085096 	0.011044 	-0.804543 
1960 	 -588.00 	439.097854     604585 	 	0.084543 	0.010931 	-0.789462 
1968 	 -584.00 	440.352945     604123 	 	0.083651 	0.010702 	-0.752905 
1976 	 -580.00 	441.600370     601820 	 	0.082966 	0.010545 	-0.736640 
1984 	 -576.00 	442.842255     600890 	 	0.082273 	0.010387 	-0.718993 
1992 	 -572.00 	444.079389     602172 	 	0.081419 	0.010189 	-0.693006 
2000 	 -568.00 	445.309098     601929 	 	0.080562 	0.010026 	-0.678292 
2008 	 -564.00 	446.537248     599443 	 	0.080137 	0.009924 	-0.666329 
2016 	 -560.00 	447.754139     602054 	 	0.079142 	0.009646 	-0.624009 
2024 	 -556.00 	448.968457     598168 	 	0.078429 	0.009475 	-0.604676 
2032 	 -552.00 	450.173351     598588 	 	0.077897 	0.009337 	-0.586762 
2040 	 -548.00 	451.372390     601512 	 	0.076906 	0.009110 	-0.558760 
2048 	 -544.00 	452.565107     606350 	 	0.076067 	0.008944 	-0.543440 
2056 	 -540.00 	453.755475     602095 	 	0.075030 	0.008708 	-0.520671 
2064 	 -536.00 	454.935810     605126 	 	0.074105 	0.008495 	-0.495373 
2072 	 -532.00 	456.110374     605471 	 	0.073289 	0.008289 	-0.469622 
2080 	 -528.00 	457.275934     605040 	 	0.072552 	0.008117 	-0.451368 
2088 	 -524.00 	458.436179     601867 	 	0.071330 	0.007876 	-0.424025 
2096 	 -520.00 	459.586468     601300 	 	0.071273 	0.007868 	-0.424086 
2104 	 -516.00 	460.732295     603347 	 	0.070970 	0.007806 	-0.416096 
2112 	 -512.00 	461.869462     603205 	 	0.070052 	0.007601 	-0.396515 
2120 	 -508.00 	463.004319     605309 	 	0.069364 	0.007464 	-0.383204 
2128 	 -504.00 	464.130380     610090 	 	0.068806 	0.007349 	-0.373881 
2136 	 -500.00 	465.250369     604187 	 	0.067993 	0.007175 	-0.356501 
2144 	 -496.00 	466.364411     601120 	 	0.067523 	0.007057 	-0.345153 
2152 	 -492.00 	467.470435     599750 	 	0.066676 	0.006882 	-0.327970 
2160 	 -488.00 	468.566752     598940 	 	0.065621 	0.006664 	-0.309752 
2168 	 -484.00 	469.657746     598292 	 	0.065178 	0.006563 	-0.299454 
2176 	 -480.00 	470.740970     600109 	 	0.064551 	0.006431 	-0.287664 
2184 	 -476.00 	471.817549     596491 	 	0.063826 	0.006292 	-0.274906 
2192 	 -472.00 	472.886229     597065 	 	0.063464 	0.006217 	-0.267497 
2200 	 -468.00 	473.950028     602318 	 	0.062819 	0.006098 	-0.258109 
2208 	 -464.00 	475.007146     600682 	 	0.062284 	0.005998 	-0.249403 
2216 	 -460.00 	476.057694     602772 	 	0.061963 	0.005928 	-0.243387 
2224 	 -456.00 	477.102192     603452 	 	0.061488 	0.005833 	-0.235409 
2232 	 -452.00 	478.135311     599355 	 	0.061063 	0.005764 	-0.230464 
2240 	 -448.00 	479.160988     604565 	 	0.060730 	0.005716 	-0.227535 
2248 	 -444.00 	480.181909     605462 	 	0.060156 	0.005616 	-0.219564 
2256 	 -440.00 	481.194941     602029 	 	0.059478 	0.005493 	-0.211311 
2264 	 -436.00 	482.198477     604450 	 	0.058993 	0.005378 	-0.199930 
2272 	 -432.00 	483.196705     605199 	 	0.058497 	0.005288 	-0.193401 
2280 	 -428.00 	484.182746     607297 	 	0.058194 	0.005235 	-0.190073 
2288 	 -424.00 	485.163150     614638 	 	0.057593 	0.005134 	-0.183573 
2296 	 -420.00 	486.139545     613324 	 	0.057029 	0.005040 	-0.177305 
2304 	 -416.00 	487.107710     613130 	 	0.056497 	0.004970 	-0.174855 
2312 	 -412.00 	488.065684     612062 	 	0.056303 	0.004914 	-0.169135 
2320 	 -408.00 	489.016452     614322 	 	0.055544 	0.004802 	-0.163012 
2328 	 -404.00 	489.962573     610751 	 	0.055142 	0.004726 	-0.157334 
2336 	 -400.00 	490.897902     609020 	 	0.055111 	0.004699 	-0.154232 
2344 	 -396.00 	491.825864     609074 	 	0.054484 	0.004592 	-0.147114 
2352 	 -392.00 	492.746957     611529 	 	0.054048 	0.004524 	-0.143281 
2360 	 -388.00 	493.658714     609884 	 	0.053664 	0.004457 	-0.138065 
2368 	 -384.00 	494.561045     612011 	 	0.053294 	0.004393 	-0.134692 
2376 	 -380.00 	495.460999     608443 	 	0.053023 	0.004339 	-0.129489 
2384 	 -376.00 	496.348929     607659 	 	0.052653 	0.004284 	-0.126816 
2392 	 -372.00 	497.227236     609175 	 	0.052227 	0.004225 	-0.123829 
2400 	 -368.00 	498.098139     609029 	 	0.051872 	0.004164 	-0.119983 
2408 	 -364.00 	498.962562     609943 	 	0.051611 	0.004120 	-0.117517 
2416 	 -360.00 	499.818411     608859 	 	0.051015 	0.004042 	-0.113631 
2424 	 -356.00 	500.666549     610052 	 	0.050570 	0.003977 	-0.110053 
2432 	 -352.00 	501.506302     612543 	 	0.049993 	0.003886 	-0.105027 
2440 	 -348.00 	502.337970     614518 	 	0.049437 	0.003805 	-0.101349 
2448 	 -344.00 	503.162308     616365 	 	0.049209 	0.003765 	-0.099063 
2456 	 -340.00 	503.978253     617771 	 	0.048494 	0.003665 	-0.094777 
2464 	 -336.00 	504.785144     613623 	 	0.048244 	0.003622 	-0.092018 
2472 	 -332.00 	505.584638     612256 	 	0.047905 	0.003569 	-0.089681 
2480 	 -328.00 	506.375707     606153 	 	0.047537 	0.003518 	-0.087387 
2488 	 -324.00 	507.155587     608798 	 	0.047184 	0.003462 	-0.084781 
2496 	 -320.00 	507.929859     605342 	 	0.046744 	0.003403 	-0.082133 
2504 	 -316.00 	508.693920     608541 	 	0.046311 	0.003344 	-0.079813 
2512 	 -312.00 	509.451065     609943 	 	0.045780 	0.003274 	-0.077119 
2520 	 -308.00 	510.200225     607348 	 	0.045155 	0.003193 	-0.073499 
2528 	 -304.00 	510.939113     607044 	 	0.044857 	0.003151 	-0.071634 
2536 	 -300.00 	511.667006     605637 	 	0.044558 	0.003103 	-0.069208 
2544 	 -296.00 	512.388835     605454 	 	0.044359 	0.003074 	-0.067866 
2552 	 -292.00 	513.100729     602704 	 	0.043952 	0.003023 	-0.065795 
2560 	 -288.00 	513.805802     600820 	 	0.043730 	0.002995 	-0.064575 
2568 	 -284.00 	514.502235     605165 	 	0.043341 	0.002939 	-0.062199 
2576 	 -280.00 	515.187617     606128 	 	0.043175 	0.002917 	-0.061192 
2584 	 -276.00 	515.866513     607155 	 	0.042900 	0.002877 	-0.059687 
2592 	 -272.00 	516.535279     604532 	 	0.042628 	0.002837 	-0.057445 
2600 	 -268.00 	517.191576     605651 	 	0.042380 	0.002804 	-0.056291 
2608 	 -264.00 	517.843185     601725 	 	0.042170 	0.002775 	-0.055006 
2616 	 -260.00 	518.485830     598259 	 	0.041919 	0.002736 	-0.053090 
2624 	 -256.00 	519.120344     595510 	 	0.041583 	0.002701 	-0.051963 
2632 	 -252.00 	519.744472     596881 	 	0.041415 	0.002678 	-0.050875 
2640 	 -248.00 	520.356520     599524 	 	0.041104 	0.002638 	-0.049297 
2648 	 -244.00 	520.962896     597646 	 	0.041012 	0.002625 	-0.048641 
2656 	 -240.00 	521.560015     594595 	 	0.040755 	0.002594 	-0.047506 
2664 	 -236.00 	522.146584     593935 	 	0.040398 	0.002551 	-0.046043 
2672 	 -232.00 	522.723377     594790 	 	0.040114 	0.002514 	-0.044852 
2680 	 -228.00 	523.290656     597361 	 	0.039925 	0.002489 	-0.043892 
2688 	 -224.00 	523.850348     594762 	 	0.039699 	0.002454 	-0.042444 
2696 	 -220.00 	524.399071     596365 	 	0.039327 	0.002411 	-0.041207 
2704 	 -216.00 	524.941320     598088 	 	0.039123 	0.002384 	-0.040188 
2712 	 -212.00 	525.471156     599120 	 	0.038924 	0.002359 	-0.039141 
2720 	 -208.00 	525.995088     596814 	 	0.038492 	0.002310 	-0.037638 
2728 	 -204.00 	526.508300     594658 	 	0.038107 	0.002266 	-0.036470 
2736 	 -200.00 	527.010669     596679 	 	0.037927 	0.002247 	-0.035994 
2744 	 -196.00 	527.504330     594735 	 	0.037591 	0.002214 	-0.035291 
2752 	 -192.00 	527.988460     597055 	 	0.037264 	0.002178 	-0.034192 
2760 	 -188.00 	528.463709     596283 	 	0.037018 	0.002150 	-0.033191 
2768 	 -184.00 	528.929652     596537 	 	0.036813 	0.002125 	-0.032411 
2776 	 -180.00 	529.386271     597649 	 	0.036673 	0.002103 	-0.031572 
2784 	 -176.00 	529.831656     598584 	 	0.036435 	0.002079 	-0.031045 
2792 	 -172.00 	530.269078     599665 	 	0.036369 	0.002071 	-0.030790 
2800 	 -168.00 	530.695555     601275 	 	0.036138 	0.002044 	-0.029972 
2808 	 -164.00 	531.112091     600318 	 	0.035997 	0.002024 	-0.029118 
2816 	 -160.00 	531.517559     604736 	 	0.035754 	0.001996 	-0.028380 
2824 	 -156.00 	531.915403     605299 	 	0.035565 	0.001979 	-0.028128 
2832 	 -152.00 	532.304777     604558 	 	0.035317 	0.001953 	-0.027523 
2840 	 -148.00 	532.682641     604226 	 	0.034979 	0.001918 	-0.026448 
2848 	 -144.00 	533.053520     603530 	 	0.034767 	0.001893 	-0.025731 
2856 	 -140.00 	533.411318     602867 	 	0.034554 	0.001868 	-0.025106 
2864 	 -136.00 	533.759787     603769 	 	0.034318 	0.001847 	-0.024622 
2872 	 -132.00 	534.097847     601444 	 	0.034095 	0.001825 	-0.024096 
2880 	 -128.00 	534.426493     599948 	 	0.033822 	0.001796 	-0.023253 
2888 	 -124.00 	534.744142     599115 	 	0.033565 	0.001770 	-0.022579 
2896 	 -120.00 	535.052466     599530 	 	0.033350 	0.001747 	-0.021997 
2904 	 -116.00 	535.352671     598980 	 	0.033227 	0.001735 	-0.021776 
2912 	 -112.00 	535.641455     600845 	 	0.033024 	0.001712 	-0.021134 
2920 	 -108.00 	535.921771     599876 	 	0.032920 	0.001699 	-0.020782 
2928 	 -104.00 	536.191284     599144 	 	0.032725 	0.001680 	-0.020335 
2936 	 -100.00 	536.448623     598790 	 	0.032475 	0.001658 	-0.019897 
2944 	 -96.00 	536.697691     597535 	 	0.032288 	0.001642 	-0.019663 
2952 	 -92.00 	536.934899     598134 	 	0.032242 	0.001634 	-0.019378 
2960 	 -88.00 	537.164701     597291 	 	0.032028 	0.001611 	-0.018892 
2968 	 -84.00 	537.382350     596979 	 	0.031802 	0.001590 	-0.018529 
2976 	 -80.00 	537.591430     600865 	 	0.031635 	0.001572 	-0.018089 
2984 	 -76.00 	537.790689     600241 	 	0.031495 	0.001555 	-0.017501 
2992 	 -72.00 	537.978529     598738 	 	0.031314 	0.001536 	-0.017107 
3000 	 -68.00 	538.155411     601179 	 	0.031204 	0.001523 	-0.016724 
3008 	 -64.00 	538.324444     602561 	 	0.030973 	0.001502 	-0.016313 
3016 	 -60.00 	538.481843     601965 	 	0.030822 	0.001486 	-0.015893 
3024 	 -56.00 	538.629936     604105 	 	0.030750 	0.001476 	-0.015529 
3032 	 -52.00 	538.768333     604431 	 	0.030601 	0.001462 	-0.015259 
3040 	 -48.00 	538.895100     604998 	 	0.030418 	0.001445 	-0.014855 
3048 	 -44.00 	539.011874     603948 	 	0.030275 	0.001429 	-0.014444 
3056 	 -40.00 	539.118584     603804 	 	0.030067 	0.001408 	-0.013912 
3064 	 -36.00 	539.214144     605965 	 	0.029915 	0.001396 	-0.013766 
3072 	 -32.00 	539.300301     605386 	 	0.029718 	0.001377 	-0.013383 
3080 	 -28.00 	539.377966     603535 	 	0.029504 	0.001356 	-0.012945 
3088 	 -24.00 	539.444689     606339 	 	0.029275 	0.001336 	-0.012649 
3096 	 -20.00 	539.500036     610313 	 	0.029076 	0.001319 	-0.012351 
3104 	 -16.00 	539.546061     609550 	 	0.028881 	0.001303 	-0.012060 
3112 	 -12.00 	539.582459     607085 	 	0.028711 	0.001289 	-0.011801 
3120 	  -8.00 	539.608377     608370 	 	0.028627 	0.001281 	-0.011717 
3128 	  -4.00 	539.624917     608974 	 	0.028439 	0.001266 	-0.011519 
3136 	   0.00 	539.628763     609141 	 	0.028265 	0.001254 	-0.011363 
3144 	   4.00 	539.623682     611095 	 	0.028086 	0.001240 	-0.011144 
3152 	   8.00 	539.609058     611252 	 	0.027961 	0.001233 	-0.011109 
3160 	  12.00 	539.583287     608382 	 	0.027787 	0.001218 	-0.010888 
3168 	  16.00 	539.546633     608559 	 	0.027635 	0.001204 	-0.010650 
3176 	  20.00 	539.501796     609208 	 	0.027539 	0.001198 	-0.010606 
3184 	  24.00 	539.445426     607719 	 	0.027411 	0.001184 	-0.010324 
3192 	  28.00 	539.378220     611372 	 	0.027288 	0.001174 	-0.010142 
3200 	  32.00 	539.301437     612161 	 	0.027249 	0.001170 	-0.010057 
3208 	  36.00 	539.214914     612456 	 	0.027147 	0.001162 	-0.009907 
3216 	  40.00 	539.118394     612298 	 	0.027002 	0.001149 	-0.009689 
3224 	  44.00 	539.012093     611174 	 	0.026901 	0.001141 	-0.009571 
3232 	  48.00 	538.896044     608823 	 	0.026834 	0.001134 	-0.009452 
3240 	  52.00 	538.767936     609337 	 	0.026594 	0.001111 	-0.009025 
3248 	  56.00 	538.630074     610588 	 	0.026444 	0.001100 	-0.008871 
3256 	  60.00 	538.482169     611603 	 	0.026319 	0.001091 	-0.008756 
3264 	  64.00 	538.321369     615787 	 	0.026239 	0.001082 	-0.008575 
3272 	  68.00 	538.151285     617444 	 	0.026116 	0.001070 	-0.008326 
3280 	  72.00 	537.974574     616718 	 	0.026039 	0.001063 	-0.008184 
3288 	  76.00 	537.785278     618206 	 	0.025973 	0.001058 	-0.008105 
3296 	  80.00 	537.585205     621180 	 	0.025821 	0.001046 	-0.007916 
3304 	  84.00 	537.377762     618591 	 	0.025687 	0.001036 	-0.007747 
3312 	  88.00 	537.158791     618464 	 	0.025611 	0.001028 	-0.007579 
3320 	  92.00 	536.928544     618811 	 	0.025393 	0.001011 	-0.007368 
3328 	  96.00 	536.692000     619593 	 	0.025296 	0.001003 	-0.007207 
3336 	 100.00 	536.444586     618254 	 	0.025174 	0.000995 	-0.007091 
3344 	 104.00 	536.182463     622211 	 	0.025094 	0.000988 	-0.007020 
3352 	 108.00 	535.914458     623780 	 	0.025004 	0.000981 	-0.006930 
3360 	 112.00 	535.632573     626565 	 	0.024857 	0.000972 	-0.006851 
3368 	 116.00 	535.343383     628187 	 	0.024707 	0.000960 	-0.006668 
3376 	 120.00 	535.043513     629685 	 	0.024507 	0.000944 	-0.006444 
3384 	 124.00 	534.734431     632218 	 	0.024452 	0.000938 	-0.006358 
3392 	 128.00 	534.415177     630789 	 	0.024393 	0.000935 	-0.006335 
3400 	 132.00 	534.084136     632359 	 	0.024276 	0.000926 	-0.006238 
3408 	 136.00 	533.742899     635188 	 	0.024208 	0.000920 	-0.006139 
3416 	 140.00 	533.393163     634667 	 	0.024155 	0.000916 	-0.006099 
3424 	 144.00 	533.034424     634773 	 	0.024041 	0.000905 	-0.005927 
3432 	 148.00 	532.664659     634219 	 	0.023880 	0.000894 	-0.005824 
3440 	 152.00 	532.284744     635715 	 	0.023739 	0.000882 	-0.005625 
3448 	 156.00 	531.899837     634303 	 	0.023676 	0.000875 	-0.005469 
3456 	 160.00 	531.502239     633216 	 	0.023585 	0.000869 	-0.005403 
3464 	 164.00 	531.091835     635648 	 	0.023496 	0.000863 	-0.005323 
3472 	 168.00 	530.674326     635071 	 	0.023449 	0.000858 	-0.005250 
3480 	 172.00 	530.248106     636640 	 	0.023301 	0.000848 	-0.005137 
3488 	 176.00 	529.810135     639712 	 	0.023172 	0.000841 	-0.005074 
3496 	 180.00 	529.362571     640392 	 	0.023096 	0.000835 	-0.005007 
3504 	 184.00 	528.905921     642742 	 	0.023055 	0.000830 	-0.004907 
3512 	 188.00 	528.440607     643441 	 	0.023036 	0.000829 	-0.004874 
3520 	 192.00 	527.965660     643578 	 	0.022925 	0.000821 	-0.004800 
3528 	 196.00 	527.477913     644694 	 	0.022822 	0.000813 	-0.004707 
3536 	 200.00 	526.982043     645813 	 	0.022746 	0.000808 	-0.004635 
3544 	 204.00 	526.478573     648270 	 	0.022646 	0.000801 	-0.004583 
3552 	 208.00 	525.965467     647357 	 	0.022544 	0.000796 	-0.004558 
3560 	 212.00 	525.443768     648889 	 	0.022473 	0.000789 	-0.004492 
3568 	 216.00 	524.912471     648738 	 	0.022263 	0.000775 	-0.004344 
3576 	 220.00 	524.370158     649288 	 	0.022213 	0.000772 	-0.004311 
3584 	 224.00 	523.818413     649896 	 	0.022166 	0.000770 	-0.004309 
3592 	 228.00 	523.258855     650754 	 	0.022174 	0.000769 	-0.004276 
3600 	 232.00 	522.689501     651432 	 	0.022206 	0.000772 	-0.004318 
3608 	 236.00 	522.112482     646486 	 	0.022007 	0.000759 	-0.004173 
3616 	 240.00 	521.525702     646856 	 	0.021953 	0.000756 	-0.004129 
3624 	 244.00 	520.930770     646063 	 	0.021838 	0.000748 	-0.004040 
3632 	 248.00 	520.326500     646319 	 	0.021780 	0.000744 	-0.004000 
3640 	 252.00 	519.715263     646210 	 	0.021624 	0.000734 	-0.003913 
3648 	 256.00 	519.090149     646917 	 	0.021527 	0.000727 	-0.003826 
3656 	 260.00 	518.458034     651304 	 	0.021487 	0.000722 	-0.003772 
3664 	 264.00 	517.814464     651437 	 	0.021412 	0.000717 	-0.003717 
3672 	 268.00 	517.163210     653486 	 	0.021338 	0.000712 	-0.003676 
3680 	 272.00 	516.503183     650950 	 	0.021247 	0.000706 	-0.003585 
3688 	 276.00 	515.831544     650483 	 	0.021098 	0.000697 	-0.003495 
3696 	 280.00 	515.152927     651290 	 	0.021012 	0.000691 	-0.003446 
3704 	 284.00 	514.465270     649724 	 	0.020922 	0.000684 	-0.003382 
3712 	 288.00 	513.772002     646169 	 	0.020849 	0.000681 	-0.003349 
3720 	 292.00 	513.065341     649737 	 	0.020671 	0.000672 	-0.003295 
3728 	 296.00 	512.349516     648931 	 	0.020677 	0.000672 	-0.003279 
3736 	 300.00 	511.627959     642132 	 	0.020629 	0.000668 	-0.003213 
3744 	 304.00 	510.896680     646070 	 	0.020606 	0.000666 	-0.003177 
3752 	 308.00 	510.156651     645539 	 	0.020557 	0.000664 	-0.003177 
3760 	 312.00 	509.409885     645342 	 	0.020495 	0.000661 	-0.003171 
3768 	 316.00 	508.655665     642501 	 	0.020339 	0.000653 	-0.003097 
3776 	 320.00 	507.890899     643823 	 	0.020298 	0.000648 	-0.003025 
3784 	 324.00 	507.119386     642190 	 	0.020246 	0.000645 	-0.003002 
3792 	 328.00 	506.336675     639913 	 	0.020118 	0.000638 	-0.002956 
3800 	 332.00 	505.545372     640119 	 	0.020145 	0.000636 	-0.002920 
3808 	 336.00 	504.748121     636296 	 	0.020100 	0.000634 	-0.002895 
3816 	 340.00 	503.941451     636074 	 	0.020065 	0.000631 	-0.002882 
3824 	 344.00 	503.125915     634111 	 	0.020012 	0.000625 	-0.002801 
3832 	 348.00 	502.300518     634420 	 	0.019877 	0.000617 	-0.002738 
3840 	 352.00 	501.468300     634360 	 	0.019793 	0.000612 	-0.002692 
3848 	 356.00 	500.627593     631583 	 	0.019779 	0.000612 	-0.002687 
3856 	 360.00 	499.781245     631693 	 	0.019750 	0.000611 	-0.002673 
3864 	 364.00 	498.923557     635934 	 	0.019682 	0.000606 	-0.002623 
3872 	 368.00 	498.057927     634613 	 	0.019659 	0.000603 	-0.002608 
3880 	 372.00 	497.186132     636021 	 	0.019615 	0.000601 	-0.002593 
3888 	 376.00 	496.305908     637552 	 	0.019448 	0.000594 	-0.002545 
3896 	 380.00 	495.418577     634902 	 	0.019353 	0.000589 	-0.002498 
3904 	 384.00 	494.521847     630695 	 	0.019343 	0.000588 	-0.002490 
3912 	 388.00 	493.619254     631387 	 	0.019310 	0.000585 	-0.002466 
3920 	 392.00 	492.705720     631116 	 	0.019305 	0.000583 	-0.002434 
3928 	 396.00 	491.784795     634645 	 	0.019152 	0.000575 	-0.002379 
3936 	 400.00 	490.856138     633606 	 	0.019161 	0.000574 	-0.002371 
3944 	 404.00 	489.920182     636176 	 	0.019033 	0.000567 	-0.002312 
3952 	 408.00 	488.974576     633432 	 	0.019020 	0.000566 	-0.002304 
3960 	 412.00 	488.022721     635373 	 	0.018923 	0.000561 	-0.002268 
3968 	 416.00 	487.062653     640141 	 	0.018877 	0.000559 	-0.002250 
3976 	 420.00 	486.096503     638271 	 	0.018835 	0.000555 	-0.002193 
3984 	 424.00 	485.121956     638307 	 	0.018722 	0.000549 	-0.002154 
3992 	 428.00 	484.141291     639803 	 	0.018620 	0.000543 	-0.002116 
4000 	 432.00 	483.151480     639198 	 	0.018542 	0.000539 	-0.002090 
4008 	 436.00 	482.152138     637677 	 	0.018541 	0.000538 	-0.002081 
4016 	 440.00 	481.150037     636721 	 	0.018490 	0.000536 	-0.002063 
4024 	 444.00 	480.139195     636397 	 	0.018422 	0.000533 	-0.002055 
4032 	 448.00 	479.119682     639663 	 	0.018459 	0.000535 	-0.002056 
4040 	 452.00 	478.096062     641420 	 	0.018378 	0.000530 	-0.002012 
4048 	 456.00 	477.060757     641487 	 	0.018378 	0.000531 	-0.002044 
4056 	 460.00 	476.016020     639828 	 	0.018245 	0.000525 	-0.002007 
4064 	 464.00 	474.966543     639297 	 	0.018123 	0.000517 	-0.001948 
4072 	 468.00 	473.909361     636788 	 	0.018088 	0.000516 	-0.001949 
4080 	 472.00 	472.846720     639947 	 	0.018048 	0.000514 	-0.001939 
4088 	 476.00 	471.778053     636054 	 	0.017957 	0.000509 	-0.001914 
4096 	 480.00 	470.702711     634183 	 	0.017887 	0.000505 	-0.001871 
4104 	 484.00 	469.614215     638757 	 	0.017881 	0.000505 	-0.001877 
4112 	 488.00 	468.525303     629960 	 	0.017766 	0.000498 	-0.001817 
4120 	 492.00 	467.425082     630379 	 	0.017666 	0.000494 	-0.001787 
4128 	 496.00 	466.319468     629004 	 	0.017595 	0.000489 	-0.001756 
4136 	 500.00 	465.206007     631446 	 	0.017662 	0.000490 	-0.001735 
4144 	 504.00 	464.087322     633678 	 	0.017582 	0.000485 	-0.001709 
4152 	 508.00 	462.958818     634014 	 	0.017535 	0.000483 	-0.001688 
4160 	 512.00 	461.822546     639157 	 	0.017408 	0.000477 	-0.001666 
4168 	 516.00 	460.683200     640620 	 	0.017431 	0.000478 	-0.001678 
4176 	 520.00 	459.535165     644359 	 	0.017346 	0.000475 	-0.001669 
4184 	 524.00 	458.383528     645243 	 	0.017354 	0.000473 	-0.001645 
4192 	 528.00 	457.223708     642638 	 	0.017288 	0.000469 	-0.001601 
4200 	 532.00 	456.057655     644354 	 	0.017222 	0.000465 	-0.001573 
4208 	 536.00 	454.881466     646865 	 	0.017271 	0.000467 	-0.001576 
4216 	 540.00 	453.701594     643683 	 	0.017153 	0.000462 	-0.001554 
4224 	 544.00 	452.516462     644417 	 	0.017067 	0.000459 	-0.001548 
4232 	 548.00 	451.322310     646124 	 	0.017038 	0.000457 	-0.001533 
4240 	 552.00 	450.127300     643424 	 	0.016960 	0.000454 	-0.001533 
4248 	 556.00 	448.922174     640158 	 	0.017000 	0.000456 	-0.001542 
4256 	 560.00 	447.709528     644872 	 	0.017000 	0.000457 	-0.001554 
4264 	 564.00 	446.492030     643502 	 	0.016917 	0.000451 	-0.001505 
4272 	 568.00 	445.267789     643220 	 	0.016831 	0.000447 	-0.001482 
4280 	 572.00 	444.036102     644298 	 	0.016818 	0.000444 	-0.001449 
4288 	 576.00 	442.797463     647746 	 	0.016732 	0.000439 	-0.001393 
4296 	 580.00 	441.553962     639192 	 	0.016671 	0.000436 	-0.001389 
4304 	 584.00 	440.306740     635947 	 	0.016557 	0.000431 	-0.001359 
4312 	 588.00 	439.050095     641216 	 	0.016525 	0.000428 	-0.001325 
4320 	 592.00 	437.789040     642510 	 	0.016435 	0.000425 	-0.001299 
4328 	 596.00 	436.518496     643949 	 	0.016446 	0.000425 	-0.001306 
4336 	 600.00 	435.245919     640272 	 	0.016372 	0.000421 	-0.001284 
4344 	 604.00 	433.964468     640796 	 	0.016411 	0.000422 	-0.001275 
4352 	 608.00 	432.675689     637954 	 	0.016379 	0.000422 	-0.001291 
4360 	 612.00 	431.380959     643699 	 	0.016349 	0.000421 	-0.001297 
4368 	 616.00 	430.085918     637095 	 	0.016245 	0.000415 	-0.001260 
4376 	 620.00 	428.784361     636400 	 	0.016211 	0.000414 	-0.001258 
4384 	 624.00 	427.473599     636427 	 	0.016178 	0.000413 	-0.001260 
4392 	 628.00 	426.158565     634312 	 	0.016104 	0.000408 	-0.001221 
4400 	 632.00 	424.835043     634058 	 	0.016081 	0.000407 	-0.001207 
4408 	 636.00 	423.511564     630221 	 	0.016067 	0.000405 	-0.001191 
4416 	 640.00 	422.179451     631678 	 	0.016066 	0.000405 	-0.001191 
4424 	 644.00 	420.838241     635444 	 	0.016000 	0.000401 	-0.001165 
4432 	 648.00 	419.494512     634872 	 	0.015909 	0.000397 	-0.001145 
4440 	 652.00 	418.141428     633553 	 	0.015809 	0.000391 	-0.001105 
4448 	 656.00 	416.784941     636337 	 	0.015784 	0.000391 	-0.001099 
4456 	 660.00 	415.421825     640351 	 	0.015802 	0.000391 	-0.001101 
4464 	 664.00 	414.057232     637255 	 	0.015780 	0.000391 	-0.001111 
4472 	 668.00 	412.684170     644194 	 	0.015763 	0.000391 	-0.001114 
4480 	 672.00 	411.305749     646559 	 	0.015741 	0.000389 	-0.001101 
4488 	 676.00 	409.922743     648943 	 	0.015673 	0.000386 	-0.001087 
4496 	 680.00 	408.535953     650001 	 	0.015597 	0.000382 	-0.001067 
4504 	 684.00 	407.141287     653414 	 	0.015483 	0.000377 	-0.001031 
4512 	 688.00 	405.741182     654607 	 	0.015407 	0.000375 	-0.001041 
4520 	 692.00 	404.339409     654569 	 	0.015365 	0.000373 	-0.001020 
4528 	 696.00 	402.930193     658253 	 	0.015298 	0.000368 	-0.000995 
4536 	 700.00 	401.521080     656656 	 	0.015281 	0.000367 	-0.000996 
4544 	 704.00 	400.100787     656200 	 	0.015210 	0.000364 	-0.000979 
4552 	 708.00 	398.679029     659495 	 	0.015134 	0.000360 	-0.000953 
4560 	 712.00 	397.248260     659315 	 	0.015186 	0.000363 	-0.000960 
4568 	 716.00 	395.815851     659304 	 	0.015076 	0.000359 	-0.000948 
4576 	 720.00 	394.375498     659036 	 	0.015094 	0.000359 	-0.000945 
4584 	 724.00 	392.928060     660814 	 	0.015089 	0.000359 	-0.000939 
4592 	 728.00 	391.482319     660882 	 	0.014994 	0.000354 	-0.000914 
4600 	 732.00 	390.027468     668542 	 	0.015026 	0.000356 	-0.000923 
4608 	 736.00 	388.569957     661723 	 	0.015012 	0.000355 	-0.000925 
4616 	 740.00 	387.105912     664432 	 	0.014979 	0.000353 	-0.000907 
4624 	 744.00 	385.635668     666400 	 	0.015016 	0.000354 	-0.000907 
4632 	 748.00 	384.162654     669053 	 	0.014931 	0.000350 	-0.000890 
4640 	 752.00 	382.682172     677388 	 	0.014899 	0.000350 	-0.000903 
4648 	 756.00 	381.200100     681090 	 	0.014816 	0.000346 	-0.000877 
4656 	 760.00 	379.713602     682969 	 	0.014752 	0.000343 	-0.000864 
4664 	 764.00 	378.218753     681791 	 	0.014713 	0.000341 	-0.000859 
4672 	 768.00 	376.720017     682363 	 	0.014692 	0.000340 	-0.000849 
4680 	 772.00 	375.220238     686582 	 	0.014648 	0.000337 	-0.000825 
4688 	 776.00 	373.710254     686531 	 	0.014617 	0.000335 	-0.000809 
4696 	 780.00 	372.202729     690872 	 	0.014580 	0.000334 	-0.000809 
4704 	 784.00 	370.691251     691911 	 	0.014645 	0.000336 	-0.000816 
4712 	 788.00 	369.169883     696135 	 	0.014554 	0.000333 	-0.000800 
4720 	 792.00 	367.647441     697820 	 	0.014458 	0.000329 	-0.000792 
4728 	 796.00 	366.115625     694300 	 	0.014477 	0.000329 	-0.000792 
4736 	 800.00 	364.582471     695985 	 	0.014406 	0.000326 	-0.000773 
4744 	 804.00 	363.047013     695264 	 	0.014315 	0.000322 	-0.000745 
4752 	 808.00 	361.502182     698193 	 	0.014107 	0.000314 	-0.000721 
4760 	 812.00 	359.952629     707614 	 	0.014144 	0.000315 	-0.000720 
4768 	 816.00 	358.402533     703565 	 	0.014106 	0.000313 	-0.000712 
4776 	 820.00 	356.845550     706817 	 	0.014067 	0.000313 	-0.000717 
4784 	 824.00 	355.283468     713580 	 	0.014076 	0.000313 	-0.000721 
4792 	 828.00 	353.718931     720013 	 	0.014062 	0.000311 	-0.000708 
4800 	 832.00 	352.150962     721252 	 	0.014032 	0.000310 	-0.000700 
4808 	 836.00 	350.580977     720185 	 	0.013944 	0.000305 	-0.000676 
4816 	 840.00 	349.006137     718397 	 	0.013883 	0.000304 	-0.000676 
4824 	 844.00 	347.423751     715384 	 	0.013775 	0.000299 	-0.000653 
4832 	 848.00 	345.841446     721874 	 	0.013652 	0.000293 	-0.000628 
4840 	 852.00 	344.258561     717155 	 	0.013690 	0.000295 	-0.000626 
4848 	 856.00 	342.670347     714082 	 	0.013592 	0.000291 	-0.000617 
4856 	 860.00 	341.076137     715694 	 	0.013536 	0.000288 	-0.000596 
4864 	 864.00 	339.479864     716970 	 	0.013534 	0.000289 	-0.000611 
4872 	 868.00 	337.875373     711098 	 	0.013484 	0.000287 	-0.000602 
4880 	 872.00 	336.270546     716123 	 	0.013381 	0.000284 	-0.000595 
4888 	 876.00 	334.661558     711012 	 	0.013444 	0.000285 	-0.000593 
4896 	 880.00 	333.045439     713460 	 	0.013326 	0.000280 	-0.000569 
4904 	 884.00 	331.429255     709819 	 	0.013353 	0.000281 	-0.000572 
4912 	 888.00 	329.808404     711601 	 	0.013408 	0.000282 	-0.000576 
4920 	 892.00 	328.182563     707327 	 	0.013318 	0.000278 	-0.000565 
4928 	 896.00 	326.555776     703335 	 	0.013330 	0.000278 	-0.000557 
4936 	 900.00 	324.920045     703996 	 	0.013350 	0.000280 	-0.000564 
4944 	 904.00 	323.284162     706048 	 	0.013283 	0.000277 	-0.000556 
4952 	 908.00 	321.648193     707943 	 	0.013273 	0.000277 	-0.000553 
4960 	 912.00 	320.005810     712168 	 	0.013126 	0.000271 	-0.000533 
4968 	 916.00 	318.360923     707678 	 	0.013089 	0.000271 	-0.000536 
4976 	 920.00 	316.717235     708427 	 	0.012966 	0.000265 	-0.000514 
4984 	 924.00 	315.064604     715437 	 	0.013029 	0.000267 	-0.000522 
4992 	 928.00 	313.409858     716761 	 	0.013020 	0.000267 	-0.000520 
5000 	 932.00 	311.749574     715005 	 	0.012972 	0.000266 	-0.000517 
5008 	 936.00 	310.088457     713676 	 	0.012960 	0.000266 	-0.000523 
5016 	 940.00 	308.423471     714106 	 	0.012910 	0.000264 	-0.000514 
5024 	 944.00 	306.756548     711248 	 	0.012911 	0.000264 	-0.000513 
5032 	 948.00 	305.086637     704981 	 	0.012822 	0.000259 	-0.000496 
5040 	 952.00 	303.413153     711912 	 	0.012798 	0.000259 	-0.000499 
5048 	 956.00 	301.738335     706799 	 	0.012803 	0.000258 	-0.000489 
5056 	 960.00 	300.059618     707336 	 	0.012663 	0.000253 	-0.000469 
5064 	 964.00 	298.377326     707331 	 	0.012716 	0.000255 	-0.000466 
5072 	 968.00 	296.696626     707532 	 	0.012781 	0.000258 	-0.000479 
5080 	 972.00 	295.010274     707884 	 	0.012718 	0.000255 	-0.000475 
5088 	 976.00 	293.320528     708907 	 	0.012603 	0.000250 	-0.000456 
5096 	 980.00 	291.630826     702173 	 	0.012520 	0.000247 	-0.000444 
5104 	 984.00 	289.937347     707510 	 	0.012507 	0.000246 	-0.000444 
5112 	 988.00 	288.240598     710856 	 	0.012415 	0.000242 	-0.000431 
5120 	 992.00 	286.541562     706350 	 	0.012416 	0.000243 	-0.000429 
5128 	 996.00 	284.843091     703433 	 	0.012317 	0.000239 	-0.000422 
5136 	 1000.00 	283.145205     695620 	 	0.012416 	0.000242 	-0.000427 
5144 	 1004.00 	281.438454     703412 	 	0.012401 	0.000242 	-0.000425 
5152 	 1008.00 	279.725334     699010 	 	0.012349 	0.000240 	-0.000416 
5160 	 1012.00 	278.020409     693288 	 	0.012268 	0.000237 	-0.000402 
5168 	 1016.00 	276.304868     696321 	 	0.012249 	0.000236 	-0.000399 
5176 	 1020.00 	274.591153     696624 	 	0.012187 	0.000234 	-0.000395 
5184 	 1024.00 	272.881034     692057 	 	0.012095 	0.000232 	-0.000395 
5192 	 1028.00 	271.163778     690183 	 	0.012076 	0.000231 	-0.000393 
5200 	 1032.00 	269.449235     683904 	 	0.012011 	0.000229 	-0.000387 
5208 	 1036.00 	267.730045     676330 	 	0.011971 	0.000227 	-0.000383 
5216 	 1040.00 	266.011473     679947 	 	0.011932 	0.000225 	-0.000375 
5224 	 1044.00 	264.292098     673610 	 	0.011903 	0.000224 	-0.000372 
5232 	 1048.00 	262.561024     670940 	 	0.011898 	0.000222 	-0.000360 
5240 	 1052.00 	260.836293     666614 	 	0.011815 	0.000219 	-0.000348 
5248 	 1056.00 	259.109327     661867 	 	0.011841 	0.000220 	-0.000350 
5256 	 1060.00 	257.380107     658102 	 	0.011733 	0.000218 	-0.000346 
5264 	 1064.00 	255.652371     660096 	 	0.011753 	0.000218 	-0.000344 
5272 	 1068.00 	253.919387     655929 	 	0.011735 	0.000217 	-0.000342 
5280 	 1072.00 	252.182634     659300 	 	0.011701 	0.000218 	-0.000353 
5288 	 1076.00 	250.451354     653577 	 	0.011693 	0.000216 	-0.000342 
5296 	 1080.00 	248.716732     657307 	 	0.011628 	0.000214 	-0.000336 
5304 	 1084.00 	246.975240     661157 	 	0.011543 	0.000211 	-0.000327 
5312 	 1088.00 	245.238447     665568 	 	0.011649 	0.000215 	-0.000338 
5320 	 1092.00 	243.497390     665110 	 	0.011613 	0.000212 	-0.000324 
5328 	 1096.00 	241.752065     677701 	 	0.011548 	0.000210 	-0.000318 
5336 	 1100.00 	240.008241     675155 	 	0.011490 	0.000208 	-0.000313 
5344 	 1104.00 	238.264265     666525 	 	0.011471 	0.000209 	-0.000318 
5352 	 1108.00 	236.520363     659796 	 	0.011396 	0.000205 	-0.000306 
5360 	 1112.00 	234.769844     661585 	 	0.011419 	0.000206 	-0.000308 
5368 	 1116.00 	233.021531     662304 	 	0.011325 	0.000202 	-0.000296 
5376 	 1120.00 	231.267478     659378 	 	0.011242 	0.000200 	-0.000295 
5384 	 1124.00 	229.514729     665764 	 	0.011120 	0.000197 	-0.000285 
5392 	 1128.00 	227.759741     664870 	 	0.011132 	0.000196 	-0.000284 
5400 	 1132.00 	225.998240     681027 	 	0.011092 	0.000195 	-0.000279 
5408 	 1136.00 	224.238075     672782 	 	0.011046 	0.000194 	-0.000280 
5416 	 1140.00 	222.475058     684626 	 	0.011091 	0.000195 	-0.000279 
5424 	 1144.00 	220.714153     679712 	 	0.010937 	0.000190 	-0.000267 
5432 	 1148.00 	218.951774     679693 	 	0.010967 	0.000191 	-0.000270 
5440 	 1152.00 	217.185883     686658 	 	0.010945 	0.000190 	-0.000262 
5448 	 1156.00 	215.412969     682886 	 	0.010961 	0.000190 	-0.000265 
5456 	 1160.00 	213.641675     691181 	 	0.010953 	0.000189 	-0.000258 
5464 	 1164.00 	211.866243     695902 	 	0.010861 	0.000186 	-0.000255 
5472 	 1168.00 	210.089571     688966 	 	0.010843 	0.000186 	-0.000251 
5480 	 1172.00 	208.308868     701908 	 	0.010773 	0.000184 	-0.000248 
5488 	 1176.00 	206.523169     696350 	 	0.010770 	0.000183 	-0.000243 
5496 	 1180.00 	204.739073     707964 	 	0.010759 	0.000183 	-0.000243 
5504 	 1184.00 	202.949356     710362 	 	0.010650 	0.000179 	-0.000232 
5512 	 1188.00 	201.161511     702657 	 	0.010628 	0.000178 	-0.000228 
5520 	 1192.00 	199.370678     706984 	 	0.010601 	0.000177 	-0.000227 
5528 	 1196.00 	197.573682     704320 	 	0.010591 	0.000177 	-0.000225 
5536 	 1200.00 	195.778356     705452 	 	0.010529 	0.000175 	-0.000223 
5544 	 1204.00 	193.971325     716470 	 	0.010437 	0.000172 	-0.000217 
5552 	 1208.00 	192.173574     717828 	 	0.010345 	0.000169 	-0.000207 
5560 	 1212.00 	190.364815     715028 	 	0.010380 	0.000170 	-0.000210 
5568 	 1216.00 	188.560168     722249 	 	0.010275 	0.000167 	-0.000202 
5576 	 1220.00 	186.749287     719441 	 	0.010240 	0.000166 	-0.000200 
5584 	 1224.00 	184.933389     716917 	 	0.010134 	0.000163 	-0.000194 
5592 	 1228.00 	183.117201     717976 	 	0.010032 	0.000159 	-0.000185 
5600 	 1232.00 	181.293773     718110 	 	0.010083 	0.000161 	-0.000190 
5608 	 1236.00 	179.469165     718458 	 	0.010065 	0.000160 	-0.000185 
5616 	 1240.00 	177.636625     721052 	 	0.010005 	0.000158 	-0.000182 
5624 	 1244.00 	175.801767     722621 	 	0.010004 	0.000157 	-0.000177 
5632 	 1248.00 	173.969109     723166 	 	0.009959 	0.000157 	-0.000177 
5640 	 1252.00 	172.130913     724239 	 	0.009821 	0.000152 	-0.000167 
5648 	 1256.00 	170.284100     719805 	 	0.009741 	0.000151 	-0.000167 
5656 	 1260.00 	168.434963     726274 	 	0.009717 	0.000150 	-0.000164 
5664 	 1264.00 	166.585983     724514 	 	0.009627 	0.000147 	-0.000157 
5672 	 1268.00 	164.732433     726232 	 	0.009633 	0.000147 	-0.000159 
5680 	 1272.00 	162.871854     731754 	 	0.009635 	0.000147 	-0.000159 
5688 	 1276.00 	161.008865     741038 	 	0.009557 	0.000145 	-0.000152 
5696 	 1280.00 	159.138559     740649 	 	0.009444 	0.000141 	-0.000146 
5704 	 1284.00 	157.266783     745806 	 	0.009440 	0.000141 	-0.000142 
5712 	 1288.00 	155.389238     743883 	 	0.009380 	0.000139 	-0.000138 
5720 	 1292.00 	153.510904     750104 	 	0.009324 	0.000136 	-0.000132 
5728 	 1296.00 	151.626987     740914 	 	0.009297 	0.000136 	-0.000130 
5736 	 1300.00 	149.741979     739887 	 	0.009306 	0.000136 	-0.000129 
5744 	 1304.00 	147.847678     742650 	 	0.009207 	0.000134 	-0.000127 
5752 	 1308.00 	145.950775     739998 	 	0.009125 	0.000131 	-0.000124 
5760 	 1312.00 	144.048435     746985 	 	0.009113 	0.000131 	-0.000122 
5768 	 1316.00 	142.137859     752775 	 	0.008966 	0.000127 	-0.000117 
5776 	 1320.00 	140.230946     743449 	 	0.008912 	0.000126 	-0.000114 
5784 	 1324.00 	138.315030     746584 	 	0.008842 	0.000124 	-0.000112 
5792 	 1328.00 	136.396037     734060 	 	0.008842 	0.000124 	-0.000110 
5800 	 1332.00 	134.467357     738339 	 	0.008761 	0.000122 	-0.000107 
5808 	 1336.00 	132.540397     739500 	 	0.008671 	0.000119 	-0.000101 
5816 	 1340.00 	130.599529     749966 	 	0.008618 	0.000117 	-0.000098 
5824 	 1344.00 	128.657411     749034 	 	0.008573 	0.000116 	-0.000097 
5832 	 1348.00 	126.706560     751555 	 	0.008433 	0.000112 	-0.000092 
5840 	 1352.00 	124.750699     756722 	 	0.008429 	0.000113 	-0.000092 
5848 	 1356.00 	122.782021     766631 	 	0.008360 	0.000110 	-0.000085 
5856 	 1360.00 	120.816337     768830 	 	0.008287 	0.000109 	-0.000084 
5864 	 1364.00 	118.837120     776329 	 	0.008215 	0.000107 	-0.000081 
5872 	 1368.00 	116.853841     777183 	 	0.008069 	0.000103 	-0.000076 
5880 	 1372.00 	114.863680     778847 	 	0.007987 	0.000101 	-0.000075 
5888 	 1376.00 	112.863703     771016 	 	0.007876 	0.000099 	-0.000071 
5896 	 1380.00 	110.865720     774189 	 	0.007848 	0.000097 	-0.000067 
5904 	 1384.00 	108.847272     780934 	 	0.007828 	0.000097 	-0.000069 
5912 	 1388.00 	106.832449     774846 	 	0.007758 	0.000096 	-0.000066 
5920 	 1392.00 	104.803649     779491 	 	0.007736 	0.000095 	-0.000066 
5928 	 1396.00 	102.769978     781113 	 	0.007605 	0.000092 	-0.000062 
5936 	 1400.00 	100.727838     787773 	 	0.007594 	0.000092 	-0.000060 
5944 	 1404.00 	98.676749     776984 	 	0.007515 	0.000089 	-0.000057 
5952 	 1408.00 	96.620488     772026 	 	0.007480 	0.000088 	-0.000055 
5960 	 1412.00 	94.554579     773542 	 	0.007363 	0.000086 	-0.000052 
5968 	 1416.00 	92.475331     763566 	 	0.007287 	0.000084 	-0.000050 
5976 	 1420.00 	90.390897     758574 	 	0.007278 	0.000083 	-0.000049 
5984 	 1424.00 	88.283967     759868 	 	0.007171 	0.000081 	-0.000047 
5992 	 1428.00 	86.181772     771688 	 	0.007073 	0.000079 	-0.000045 
6000 	 1432.00 	84.069446     758074 	 	0.006978 	0.000077 	-0.000042 
6008 	 1436.00 	81.940435     756677 	 	0.006975 	0.000077 	-0.000043 
6016 	 1440.00 	79.793332     768647 	 	0.006841 	0.000074 	-0.000039 
6024 	 1444.00 	77.639470     767359 	 	0.006798 	0.000073 	-0.000038 
6032 	 1448.00 	75.483759     763823 	 	0.006667 	0.000070 	-0.000035 
6040 	 1452.00 	73.303902     751149 	 	0.006498 	0.000067 	-0.000032 
6048 	 1456.00 	71.118791     757782 	 	0.006471 	0.000066 	-0.000031 
6056 	 1460.00 	68.906743     750180 	 	0.006387 	0.000064 	-0.000029 
6064 	 1464.00 	66.698254     751825 	 	0.006278 	0.000062 	-0.000027 
6072 	 1468.00 	64.467084     741922 	 	0.006157 	0.000060 	-0.000025 
6080 	 1472.00 	62.224247     740972 	 	0.006051 	0.000058 	-0.000024 
6088 	 1476.00 	59.958331     732219 	 	0.005952 	0.000056 	-0.000022 
6096 	 1480.00 	57.689056     739148 	 	0.005851 	0.000054 	-0.000021 
6104 	 1484.00 	55.384470     722761 	 	0.005639 	0.000050 	-0.000017 
6112 	 1488.00 	53.082298     728615 	 	0.005570 	0.000049 	-0.000017 
6120 	 1492.00 	50.721131     724172 	 	0.005206 	0.000044 	-0.000014 
6128 	 1496.00 	48.399525     720381 	 	0.005295 	0.000045 	-0.000015 
6136 	 1500.00 	45.974630     715683 	 	0.005169 	0.000041 	-0.000011 
6144 	 1504.00 	43.637668     727499 	 	0.005075 	0.000041 	-0.000012 
6152 	 1508.00 	41.114205     722607 	 	0.004707 	0.000036 	-0.000009 
6160 	 1512.00 	38.816564     698447 	 	0.004859 	0.000038 	-0.000010 
6168 	 1516.00 	36.138250     729751 	 	0.004550 	0.000031 	-0.000006 
6176 	 1520.00 	33.876432     691888 	 	0.004608 	0.000034 	-0.000008 
6184 	 1524.00 	31.010884     710054 	 	0.003846 	0.000025 	-0.000004 
6192 	 1528.00 	28.836101     697240 	 	0.004445 	0.000030 	-0.000006 
6200 	 1532.00 	25.667431     711304 	 	0.003716 	0.000019 	-0.000002 
6208 	 1536.00 	23.657440     693585 	 	0.003776 	0.000025 	-0.000004 
6216 	 1540.00 	20.068077     704867 	 	0.002506 	0.000013 	-0.000001 
6224 	 1544.00 	18.299686     713691 	 	0.003703 	0.000019 	-0.000002 
6232 	 1548.00 	14.087110     718048 	 	0.002533 	0.000007 	-0.000000 
6240 	 1552.00 	12.703299     709411 	 	0.002533 	0.000013 	-0.000001 
6248 	 1556.00 	7.421450     731621 	 	0.000000 	0.000000 	-0.000000 
6256 	 1560.00 	6.718768     736603 	 	0.002551 	0.000007 	-0.000000 
6272 	 1568.00 	0.059268     743644 	 	0.000000 	0.000000 	-0.000000 
